# TotalOfPaymentsDollars   RatioCompaniesMaking>=ThatMuchInTotalPayments
0.0	1.0
20.0	0.997840172786
30.0	0.995680345572
40.0	0.992440604752
50.0	0.987041036717
60.0	0.982721382289
70.0	0.980561555076
90.0	0.979481641469
100.0	0.978401727862
110.0	0.977321814255
120.0	0.976241900648
130.0	0.974082073434
140.0	0.970842332613
150.0	0.9686825054
170.0	0.966522678186
180.0	0.964362850972
190.0	0.961123110151
220.0	0.960043196544
230.0	0.95788336933
240.0	0.953563714903
250.0	0.951403887689
270.0	0.950323974082
280.0	0.947084233261
290.0	0.946004319654
300.0	0.944924406048
330.0	0.943844492441
340.0	0.942764578834
360.0	0.941684665227
370.0	0.939524838013
390.0	0.937365010799
410.0	0.936285097192
420.0	0.935205183585
440.0	0.934125269978
460.0	0.931965442765
490.0	0.930885529158
500.0	0.929805615551
510.0	0.927645788337
520.0	0.924406047516
530.0	0.923326133909
540.0	0.922246220302
550.0	0.921166306695
570.0	0.920086393089
580.0	0.919006479482
590.0	0.916846652268
610.0	0.91252699784
640.0	0.911447084233
650.0	0.910367170626
660.0	0.909287257019
670.0	0.908207343413
680.0	0.907127429806
690.0	0.904967602592
710.0	0.903887688985
720.0	0.902807775378
760.0	0.900647948164
770.0	0.899568034557
780.0	0.897408207343
790.0	0.896328293737
830.0	0.89524838013
860.0	0.894168466523
910.0	0.892008639309
920.0	0.890928725702
960.0	0.889848812095
980.0	0.886609071274
1000.0	0.883369330454
1010.0	0.882289416847
1050.0	0.88120950324
1090.0	0.880129589633
1100.0	0.879049676026
1120.0	0.877969762419
1130.0	0.876889848812
1150.0	0.874730021598
1170.0	0.873650107991
1200.0	0.872570194384
1220.0	0.871490280778
1250.0	0.870410367171
1280.0	0.868250539957
1320.0	0.866090712743
1350.0	0.865010799136
1360.0	0.863930885529
1400.0	0.861771058315
1440.0	0.859611231102
1460.0	0.858531317495
1470.0	0.857451403888
1480.0	0.856371490281
1500.0	0.855291576674
1510.0	0.854211663067
1570.0	0.85313174946
1590.0	0.852051835853
1600.0	0.849892008639
1630.0	0.848812095032
1640.0	0.847732181425
1650.0	0.845572354212
1690.0	0.844492440605
1750.0	0.843412526998
1760.0	0.840172786177
1790.0	0.838012958963
1800.0	0.835853131749
1810.0	0.834773218143
1860.0	0.832613390929
2070.0	0.831533477322
2090.0	0.830453563715
2140.0	0.829373650108
2180.0	0.828293736501
2200.0	0.827213822894
2220.0	0.826133909287
2240.0	0.823974082073
2290.0	0.822894168467
2370.0	0.82181425486
2500.0	0.820734341253
2520.0	0.819654427646
2530.0	0.818574514039
2540.0	0.817494600432
2620.0	0.816414686825
2710.0	0.815334773218
2800.0	0.814254859611
2840.0	0.813174946004
2850.0	0.812095032397
2960.0	0.81101511879
2970.0	0.809935205184
2990.0	0.808855291577
3050.0	0.80777537797
3060.0	0.806695464363
3100.0	0.805615550756
3120.0	0.804535637149
3140.0	0.802375809935
3200.0	0.801295896328
3210.0	0.800215982721
3250.0	0.799136069114
3310.0	0.798056155508
3560.0	0.796976241901
3580.0	0.794816414687
3620.0	0.79373650108
3630.0	0.792656587473
3660.0	0.791576673866
3770.0	0.790496760259
3810.0	0.789416846652
3960.0	0.788336933045
4080.0	0.786177105832
4090.0	0.785097192225
4100.0	0.784017278618
4210.0	0.782937365011
4280.0	0.780777537797
4410.0	0.77969762419
4480.0	0.777537796976
4710.0	0.776457883369
4730.0	0.775377969762
4750.0	0.774298056156
4790.0	0.773218142549
4800.0	0.772138228942
4840.0	0.771058315335
4900.0	0.769978401728
4910.0	0.768898488121
4970.0	0.767818574514
5000.0	0.766738660907
5100.0	0.7656587473
5380.0	0.764578833693
5530.0	0.763498920086
5550.0	0.762419006479
5570.0	0.761339092873
5710.0	0.760259179266
5850.0	0.759179265659
5940.0	0.758099352052
6000.0	0.757019438445
6010.0	0.755939524838
6020.0	0.754859611231
6080.0	0.753779697624
6120.0	0.752699784017
6190.0	0.75161987041
6380.0	0.750539956803
6400.0	0.749460043197
6630.0	0.74838012959
6750.0	0.747300215983
6780.0	0.746220302376
6790.0	0.745140388769
6810.0	0.744060475162
6840.0	0.742980561555
7000.0	0.741900647948
7080.0	0.740820734341
7090.0	0.739740820734
7210.0	0.738660907127
7220.0	0.737580993521
7290.0	0.735421166307
7310.0	0.7343412527
7320.0	0.733261339093
7330.0	0.732181425486
7440.0	0.731101511879
7480.0	0.730021598272
7590.0	0.728941684665
7730.0	0.727861771058
7760.0	0.726781857451
7780.0	0.725701943844
7830.0	0.724622030238
7880.0	0.723542116631
7950.0	0.722462203024
8000.0	0.721382289417
8040.0	0.72030237581
8070.0	0.719222462203
8270.0	0.718142548596
8400.0	0.717062634989
8530.0	0.715982721382
8570.0	0.714902807775
8630.0	0.713822894168
8650.0	0.712742980562
8720.0	0.711663066955
8740.0	0.710583153348
8830.0	0.709503239741
8850.0	0.708423326134
8930.0	0.707343412527
8940.0	0.70626349892
9080.0	0.705183585313
9180.0	0.704103671706
9220.0	0.703023758099
9280.0	0.701943844492
9410.0	0.700863930886
9500.0	0.699784017279
9560.0	0.698704103672
9630.0	0.697624190065
9680.0	0.695464362851
9690.0	0.694384449244
9730.0	0.693304535637
9750.0	0.69222462203
9760.0	0.691144708423
9790.0	0.690064794816
9810.0	0.68898488121
10000.0	0.687904967603
10320.0	0.686825053996
10420.0	0.685745140389
10740.0	0.684665226782
10770.0	0.683585313175
11040.0	0.682505399568
11210.0	0.681425485961
11300.0	0.679265658747
11370.0	0.67818574514
11570.0	0.677105831533
11710.0	0.676025917927
11770.0	0.67494600432
11830.0	0.673866090713
11970.0	0.672786177106
12170.0	0.671706263499
12500.0	0.670626349892
12540.0	0.669546436285
12670.0	0.668466522678
12980.0	0.667386609071
13000.0	0.666306695464
13390.0	0.665226781857
13710.0	0.664146868251
13730.0	0.663066954644
13860.0	0.661987041037
13890.0	0.66090712743
13900.0	0.659827213823
14050.0	0.658747300216
14220.0	0.657667386609
14270.0	0.656587473002
14310.0	0.655507559395
14320.0	0.654427645788
14480.0	0.653347732181
14490.0	0.651187904968
14640.0	0.650107991361
14690.0	0.649028077754
14970.0	0.647948164147
15000.0	0.64686825054
15130.0	0.645788336933
15190.0	0.644708423326
15420.0	0.643628509719
15490.0	0.642548596112
15580.0	0.641468682505
15600.0	0.640388768898
15990.0	0.639308855292
16070.0	0.638228941685
16100.0	0.637149028078
16110.0	0.636069114471
16250.0	0.634989200864
16270.0	0.633909287257
16440.0	0.63282937365
16470.0	0.631749460043
16530.0	0.630669546436
16590.0	0.629589632829
17620.0	0.628509719222
17730.0	0.627429805616
17830.0	0.626349892009
18170.0	0.625269978402
18220.0	0.624190064795
18280.0	0.623110151188
18520.0	0.622030237581
18720.0	0.620950323974
18760.0	0.619870410367
18770.0	0.61879049676
18810.0	0.617710583153
18930.0	0.616630669546
19010.0	0.61555075594
19300.0	0.614470842333
19330.0	0.613390928726
19360.0	0.612311015119
19670.0	0.611231101512
19750.0	0.610151187905
19820.0	0.609071274298
19880.0	0.607991360691
20000.0	0.606911447084
20180.0	0.605831533477
20290.0	0.60475161987
20380.0	0.603671706263
20600.0	0.602591792657
21090.0	0.60151187905
21160.0	0.600431965443
22030.0	0.599352051836
22090.0	0.598272138229
22320.0	0.597192224622
23130.0	0.596112311015
23670.0	0.595032397408
24110.0	0.593952483801
24500.0	0.592872570194
24510.0	0.591792656587
24630.0	0.590712742981
25010.0	0.589632829374
25740.0	0.588552915767
25900.0	0.58747300216
25950.0	0.586393088553
26220.0	0.585313174946
26510.0	0.584233261339
26610.0	0.583153347732
27000.0	0.582073434125
27150.0	0.580993520518
27760.0	0.579913606911
28120.0	0.578833693305
28200.0	0.576673866091
28350.0	0.575593952484
28410.0	0.574514038877
28630.0	0.57343412527
28840.0	0.572354211663
29320.0	0.571274298056
29960.0	0.570194384449
30070.0	0.569114470842
30480.0	0.568034557235
30500.0	0.566954643629
30530.0	0.565874730022
30660.0	0.563714902808
30680.0	0.562634989201
30790.0	0.561555075594
30890.0	0.560475161987
30980.0	0.55939524838
31050.0	0.558315334773
31180.0	0.557235421166
31620.0	0.556155507559
32080.0	0.555075593952
32110.0	0.553995680346
32720.0	0.552915766739
32850.0	0.551835853132
33290.0	0.550755939525
33400.0	0.549676025918
33830.0	0.548596112311
34310.0	0.547516198704
34480.0	0.546436285097
34600.0	0.54535637149
35000.0	0.544276457883
35090.0	0.543196544276
35810.0	0.54211663067
36030.0	0.541036717063
36480.0	0.539956803456
36750.0	0.538876889849
36910.0	0.537796976242
37410.0	0.536717062635
38340.0	0.535637149028
38420.0	0.534557235421
38550.0	0.533477321814
38700.0	0.532397408207
38730.0	0.5313174946
39090.0	0.530237580994
39100.0	0.529157667387
39760.0	0.52807775378
39810.0	0.526997840173
40070.0	0.525917926566
40200.0	0.524838012959
40570.0	0.523758099352
41890.0	0.522678185745
42630.0	0.521598272138
42640.0	0.520518358531
42810.0	0.519438444924
42930.0	0.518358531317
43190.0	0.517278617711
43470.0	0.516198704104
43820.0	0.515118790497
44200.0	0.51403887689
44320.0	0.512958963283
44330.0	0.511879049676
44580.0	0.510799136069
45000.0	0.509719222462
45720.0	0.508639308855
46060.0	0.507559395248
46220.0	0.506479481641
46520.0	0.505399568035
47460.0	0.504319654428
47710.0	0.503239740821
47880.0	0.502159827214
48050.0	0.501079913607
48330.0	0.5
48680.0	0.498920086393
49000.0	0.497840172786
49080.0	0.496760259179
49450.0	0.495680345572
50000.0	0.494600431965
50690.0	0.493520518359
50850.0	0.492440604752
51160.0	0.491360691145
51370.0	0.490280777538
51430.0	0.489200863931
51520.0	0.488120950324
51920.0	0.487041036717
51960.0	0.48596112311
51980.0	0.484881209503
52160.0	0.483801295896
52440.0	0.482721382289
52840.0	0.481641468683
53480.0	0.480561555076
53580.0	0.479481641469
53800.0	0.478401727862
55310.0	0.477321814255
55710.0	0.476241900648
55830.0	0.475161987041
57440.0	0.474082073434
57880.0	0.473002159827
57910.0	0.47192224622
58430.0	0.470842332613
58610.0	0.469762419006
59550.0	0.4686825054
61800.0	0.467602591793
62280.0	0.466522678186
62330.0	0.465442764579
62360.0	0.464362850972
62660.0	0.463282937365
63170.0	0.462203023758
63340.0	0.461123110151
64060.0	0.460043196544
64270.0	0.458963282937
64320.0	0.45788336933
64990.0	0.456803455724
66500.0	0.455723542117
67700.0	0.45464362851
68450.0	0.453563714903
68570.0	0.452483801296
68950.0	0.451403887689
69270.0	0.450323974082
70270.0	0.449244060475
70590.0	0.448164146868
70680.0	0.447084233261
71330.0	0.446004319654
71780.0	0.444924406048
71790.0	0.443844492441
72440.0	0.442764578834
72550.0	0.441684665227
74090.0	0.44060475162
74470.0	0.439524838013
74900.0	0.438444924406
75320.0	0.437365010799
75620.0	0.436285097192
75760.0	0.435205183585
76560.0	0.434125269978
77170.0	0.433045356371
77720.0	0.431965442765
77740.0	0.430885529158
78280.0	0.429805615551
79450.0	0.428725701944
79840.0	0.427645788337
80000.0	0.42656587473
80270.0	0.425485961123
82550.0	0.424406047516
82570.0	0.423326133909
82600.0	0.422246220302
83150.0	0.421166306695
83830.0	0.420086393089
84190.0	0.419006479482
84660.0	0.417926565875
86080.0	0.416846652268
86550.0	0.415766738661
86890.0	0.414686825054
86930.0	0.413606911447
86990.0	0.41252699784
87260.0	0.411447084233
87300.0	0.410367170626
87380.0	0.409287257019
87470.0	0.408207343413
90160.0	0.407127429806
92450.0	0.406047516199
92960.0	0.404967602592
94340.0	0.403887688985
96800.0	0.402807775378
96930.0	0.401727861771
102000.0	0.400647948164
103250.0	0.399568034557
104560.0	0.39848812095
104730.0	0.397408207343
107040.0	0.396328293737
107110.0	0.39524838013
107250.0	0.394168466523
107470.0	0.393088552916
108790.0	0.392008639309
111880.0	0.390928725702
112840.0	0.389848812095
114950.0	0.388768898488
115580.0	0.387688984881
117420.0	0.386609071274
117450.0	0.385529157667
119940.0	0.38444924406
122610.0	0.383369330454
122780.0	0.382289416847
124600.0	0.38120950324
125000.0	0.380129589633
125170.0	0.379049676026
125580.0	0.377969762419
126280.0	0.376889848812
127010.0	0.375809935205
127600.0	0.374730021598
127660.0	0.373650107991
128630.0	0.372570194384
129960.0	0.371490280778
130080.0	0.370410367171
132920.0	0.369330453564
133080.0	0.368250539957
133300.0	0.36717062635
134490.0	0.366090712743
134510.0	0.365010799136
136310.0	0.363930885529
137270.0	0.362850971922
140000.0	0.361771058315
140340.0	0.360691144708
141140.0	0.359611231102
141990.0	0.358531317495
143200.0	0.357451403888
143800.0	0.356371490281
149300.0	0.355291576674
151570.0	0.354211663067
152610.0	0.35313174946
153340.0	0.352051835853
154280.0	0.350971922246
160000.0	0.349892008639
160600.0	0.348812095032
161410.0	0.347732181425
162230.0	0.346652267819
163340.0	0.345572354212
163500.0	0.344492440605
163980.0	0.343412526998
166240.0	0.342332613391
170440.0	0.341252699784
170970.0	0.340172786177
171250.0	0.33909287257
172560.0	0.338012958963
175850.0	0.336933045356
175960.0	0.335853131749
177460.0	0.334773218143
178000.0	0.333693304536
178490.0	0.332613390929
178940.0	0.331533477322
179740.0	0.330453563715
181070.0	0.329373650108
182240.0	0.328293736501
184160.0	0.327213822894
184380.0	0.326133909287
184740.0	0.32505399568
185110.0	0.323974082073
185150.0	0.322894168467
189080.0	0.32181425486
189960.0	0.320734341253
190150.0	0.319654427646
193140.0	0.318574514039
194210.0	0.317494600432
200130.0	0.316414686825
202690.0	0.315334773218
202850.0	0.314254859611
203690.0	0.313174946004
203960.0	0.312095032397
205520.0	0.31101511879
206590.0	0.309935205184
207640.0	0.308855291577
207750.0	0.30777537797
208030.0	0.306695464363
208720.0	0.305615550756
212390.0	0.304535637149
212500.0	0.303455723542
212530.0	0.302375809935
214170.0	0.301295896328
215690.0	0.300215982721
217850.0	0.298056155508
218430.0	0.296976241901
219130.0	0.295896328294
220390.0	0.294816414687
220550.0	0.29373650108
221370.0	0.292656587473
222650.0	0.291576673866
224000.0	0.290496760259
226530.0	0.289416846652
226870.0	0.288336933045
229220.0	0.287257019438
230260.0	0.286177105832
234810.0	0.285097192225
235070.0	0.284017278618
235620.0	0.282937365011
236000.0	0.281857451404
239510.0	0.280777537797
241430.0	0.27969762419
242170.0	0.278617710583
244670.0	0.277537796976
245480.0	0.276457883369
249290.0	0.275377969762
250090.0	0.274298056156
250470.0	0.273218142549
251410.0	0.272138228942
260250.0	0.271058315335
265950.0	0.269978401728
269060.0	0.268898488121
271130.0	0.267818574514
271640.0	0.266738660907
271940.0	0.2656587473
273590.0	0.264578833693
279480.0	0.263498920086
281000.0	0.262419006479
281610.0	0.261339092873
282610.0	0.260259179266
283430.0	0.259179265659
284000.0	0.258099352052
284270.0	0.257019438445
284700.0	0.255939524838
286740.0	0.254859611231
287220.0	0.253779697624
289340.0	0.252699784017
290320.0	0.25161987041
292020.0	0.250539956803
295020.0	0.249460043197
305210.0	0.24838012959
305610.0	0.247300215983
306940.0	0.246220302376
308580.0	0.245140388769
310000.0	0.244060475162
310450.0	0.242980561555
312760.0	0.241900647948
314170.0	0.240820734341
314980.0	0.239740820734
320000.0	0.238660907127
321580.0	0.237580993521
322200.0	0.236501079914
323340.0	0.235421166307
328740.0	0.2343412527
329000.0	0.233261339093
332920.0	0.232181425486
333630.0	0.231101511879
336120.0	0.230021598272
336810.0	0.228941684665
336900.0	0.227861771058
337950.0	0.226781857451
338490.0	0.225701943844
338940.0	0.224622030238
342140.0	0.223542116631
342450.0	0.222462203024
345930.0	0.221382289417
350400.0	0.22030237581
352360.0	0.219222462203
353240.0	0.218142548596
357280.0	0.217062634989
378520.0	0.215982721382
381120.0	0.214902807775
389220.0	0.213822894168
392780.0	0.212742980562
393060.0	0.211663066955
406210.0	0.210583153348
407200.0	0.209503239741
409230.0	0.208423326134
413100.0	0.207343412527
415500.0	0.20626349892
416740.0	0.205183585313
416780.0	0.204103671706
418480.0	0.203023758099
444160.0	0.201943844492
444680.0	0.200863930886
447780.0	0.199784017279
449530.0	0.198704103672
452840.0	0.197624190065
472690.0	0.196544276458
481300.0	0.195464362851
481890.0	0.194384449244
497120.0	0.193304535637
498510.0	0.19222462203
500260.0	0.191144708423
506870.0	0.190064794816
509700.0	0.18898488121
518030.0	0.187904967603
520420.0	0.186825053996
525060.0	0.185745140389
529660.0	0.184665226782
538290.0	0.183585313175
542660.0	0.182505399568
543840.0	0.181425485961
545390.0	0.180345572354
550930.0	0.179265658747
553880.0	0.17818574514
569020.0	0.177105831533
572660.0	0.176025917927
575730.0	0.17494600432
587700.0	0.173866090713
600140.0	0.172786177106
600440.0	0.171706263499
605820.0	0.170626349892
621410.0	0.169546436285
639400.0	0.168466522678
644220.0	0.167386609071
645220.0	0.166306695464
652080.0	0.165226781857
652580.0	0.164146868251
654360.0	0.163066954644
661110.0	0.161987041037
663380.0	0.16090712743
663480.0	0.159827213823
668000.0	0.158747300216
681910.0	0.157667386609
682970.0	0.156587473002
686110.0	0.155507559395
689830.0	0.154427645788
696150.0	0.153347732181
705750.0	0.152267818575
708020.0	0.151187904968
713470.0	0.150107991361
713810.0	0.149028077754
714230.0	0.147948164147
722680.0	0.14686825054
723560.0	0.145788336933
724480.0	0.144708423326
737140.0	0.143628509719
742400.0	0.142548596112
744810.0	0.141468682505
744920.0	0.140388768898
766370.0	0.139308855292
776160.0	0.138228941685
784400.0	0.137149028078
800000.0	0.136069114471
811520.0	0.134989200864
812290.0	0.133909287257
814850.0	0.13282937365
814940.0	0.131749460043
848930.0	0.130669546436
849250.0	0.129589632829
856670.0	0.128509719222
875190.0	0.127429805616
875550.0	0.126349892009
878510.0	0.125269978402
884240.0	0.124190064795
889390.0	0.123110151188
910000.0	0.122030237581
929260.0	0.120950323974
941710.0	0.119870410367
942420.0	0.11879049676
961090.0	0.117710583153
982040.0	0.116630669546
984120.0	0.11555075594
999530.0	0.114470842333
1001860.0	0.113390928726
1025850.0	0.112311015119
1033580.0	0.111231101512
1119360.0	0.110151187905
1131700.0	0.109071274298
1144510.0	0.107991360691
1154880.0	0.106911447084
1155940.0	0.105831533477
1162860.0	0.10475161987
1163260.0	0.103671706263
1180430.0	0.102591792657
1216180.0	0.10151187905
1236550.0	0.100431965443
1248660.0	0.0993520518359
1277850.0	0.0982721382289
1298340.0	0.097192224622
1313890.0	0.0961123110151
1318590.0	0.0950323974082
1338290.0	0.0939524838013
1352000.0	0.0928725701944
1359550.0	0.0917926565875
1405470.0	0.0907127429806
1426380.0	0.0896328293737
1433900.0	0.0885529157667
1472040.0	0.0874730021598
1548960.0	0.0863930885529
1575660.0	0.085313174946
1660130.0	0.0842332613391
1743760.0	0.0831533477322
1744550.0	0.0820734341253
1836470.0	0.0809935205184
1839760.0	0.0799136069114
1864820.0	0.0788336933045
1890950.0	0.0777537796976
1891290.0	0.0766738660907
1921350.0	0.0755939524838
1938220.0	0.0745140388769
1969560.0	0.07343412527
1974230.0	0.0723542116631
1981620.0	0.0712742980562
1992260.0	0.0701943844492
2010230.0	0.0691144708423
2105320.0	0.0680345572354
2140410.0	0.0669546436285
2141250.0	0.0658747300216
2155510.0	0.0647948164147
2268390.0	0.0637149028078
2394880.0	0.0626349892009
2443330.0	0.061555075594
2492770.0	0.060475161987
2530300.0	0.0593952483801
2577860.0	0.0583153347732
2603190.0	0.0572354211663
2626590.0	0.0561555075594
2636210.0	0.0550755939525
2641490.0	0.0539956803456
2779950.0	0.0529157667387
2791410.0	0.0518358531317
2828590.0	0.0507559395248
2870200.0	0.0496760259179
2940400.0	0.048596112311
3015530.0	0.0475161987041
3198290.0	0.0464362850972
3370000.0	0.0453563714903
3381790.0	0.0442764578834
3382890.0	0.0431965442765
3431300.0	0.0421166306695
3443880.0	0.0410367170626
3530060.0	0.0399568034557
3689960.0	0.0388768898488
3742390.0	0.0377969762419
3767910.0	0.036717062635
3784190.0	0.0356371490281
3973510.0	0.0345572354212
4062970.0	0.0334773218143
4105140.0	0.0323974082073
4266320.0	0.0313174946004
4298490.0	0.0302375809935
4349340.0	0.0291576673866
4455330.0	0.0280777537797
4459910.0	0.0269978401728
4808040.0	0.0259179265659
4830860.0	0.024838012959
5364710.0	0.0237580993521
5449120.0	0.0226781857451
5714670.0	0.0215982721382
5714710.0	0.0205183585313
5849520.0	0.0194384449244
5955220.0	0.0183585313175
5998180.0	0.0172786177106
6741220.0	0.0161987041037
6885390.0	0.0151187904968
6963940.0	0.0140388768898
7109330.0	0.0129589632829
7311810.0	0.011879049676
7537420.0	0.0107991360691
8405600.0	0.0097192224622
8542680.0	0.00863930885529
8649720.0	0.00755939524838
8915420.0	0.00647948164147
12420850.0	0.00539956803456
17017370.0	0.00431965442765
17543130.0	0.00323974082073
17961250.0	0.00215982721382
18824490.0	0.00107991360691
