# NumberOfPayments   RatioOfCompaniesMaking>=ThatManyPayments
1	1.0
2	0.952483801296
3	0.902807775378
4	0.852051835853
5	0.806695464363
6	0.771058315335
7	0.747300215983
8	0.723542116631
9	0.696544276458
10	0.677105831533
11	0.659827213823
12	0.637149028078
13	0.622030237581
14	0.609071274298
15	0.600431965443
16	0.591792656587
17	0.584233261339
18	0.568034557235
19	0.560475161987
20	0.548596112311
21	0.54211663067
22	0.530237580994
23	0.52807775378
24	0.524838012959
25	0.519438444924
26	0.516198704104
27	0.509719222462
28	0.504319654428
29	0.498920086393
30	0.493520518359
31	0.487041036717
32	0.483801295896
33	0.477321814255
34	0.474082073434
35	0.469762419006
36	0.458963282937
37	0.455723542117
38	0.451403887689
39	0.448164146868
40	0.442764578834
41	0.438444924406
42	0.433045356371
43	0.431965442765
44	0.429805615551
45	0.427645788337
46	0.423326133909
47	0.421166306695
48	0.419006479482
49	0.415766738661
50	0.411447084233
51	0.409287257019
52	0.406047516199
53	0.403887688985
54	0.402807775378
55	0.399568034557
56	0.39848812095
57	0.39524838013
63	0.393088552916
64	0.390928725702
65	0.389848812095
66	0.388768898488
67	0.387688984881
68	0.386609071274
69	0.382289416847
70	0.379049676026
71	0.377969762419
72	0.374730021598
73	0.372570194384
75	0.371490280778
76	0.369330453564
77	0.36717062635
78	0.366090712743
79	0.363930885529
80	0.361771058315
81	0.360691144708
82	0.359611231102
84	0.358531317495
85	0.357451403888
86	0.356371490281
88	0.354211663067
89	0.352051835853
90	0.349892008639
91	0.347732181425
92	0.346652267819
93	0.345572354212
95	0.343412526998
96	0.342332613391
97	0.341252699784
98	0.33909287257
100	0.338012958963
101	0.336933045356
102	0.335853131749
103	0.334773218143
108	0.333693304536
109	0.332613390929
110	0.331533477322
112	0.330453563715
113	0.329373650108
114	0.326133909287
115	0.322894168467
117	0.32181425486
120	0.320734341253
121	0.319654427646
125	0.318574514039
128	0.317494600432
129	0.316414686825
131	0.315334773218
132	0.314254859611
133	0.313174946004
135	0.312095032397
139	0.309935205184
141	0.308855291577
142	0.30777537797
143	0.306695464363
148	0.305615550756
149	0.303455723542
151	0.302375809935
157	0.301295896328
159	0.300215982721
162	0.299136069114
163	0.298056155508
164	0.296976241901
166	0.294816414687
168	0.292656587473
171	0.291576673866
172	0.289416846652
180	0.287257019438
181	0.286177105832
182	0.285097192225
183	0.282937365011
185	0.281857451404
186	0.27969762419
187	0.278617710583
189	0.277537796976
190	0.275377969762
191	0.274298056156
192	0.273218142549
193	0.272138228942
194	0.271058315335
196	0.269978401728
197	0.267818574514
200	0.2656587473
201	0.264578833693
203	0.263498920086
208	0.262419006479
210	0.261339092873
212	0.260259179266
216	0.258099352052
217	0.255939524838
225	0.254859611231
226	0.253779697624
227	0.252699784017
228	0.249460043197
229	0.24838012959
242	0.247300215983
243	0.246220302376
245	0.245140388769
250	0.244060475162
252	0.242980561555
258	0.240820734341
259	0.239740820734
260	0.238660907127
263	0.237580993521
264	0.236501079914
265	0.235421166307
266	0.2343412527
267	0.233261339093
271	0.232181425486
284	0.231101511879
299	0.230021598272
300	0.228941684665
312	0.227861771058
316	0.226781857451
319	0.225701943844
326	0.224622030238
335	0.223542116631
336	0.222462203024
348	0.221382289417
350	0.22030237581
351	0.219222462203
356	0.218142548596
363	0.217062634989
372	0.215982721382
374	0.214902807775
377	0.213822894168
392	0.212742980562
397	0.211663066955
414	0.210583153348
425	0.209503239741
427	0.208423326134
432	0.207343412527
434	0.20626349892
436	0.205183585313
437	0.204103671706
447	0.203023758099
452	0.201943844492
453	0.200863930886
460	0.199784017279
465	0.198704103672
468	0.197624190065
492	0.196544276458
494	0.195464362851
498	0.194384449244
504	0.193304535637
509	0.191144708423
510	0.18898488121
511	0.187904967603
517	0.186825053996
520	0.185745140389
541	0.184665226782
543	0.183585313175
548	0.182505399568
556	0.181425485961
559	0.180345572354
564	0.179265658747
565	0.17818574514
567	0.177105831533
577	0.17494600432
584	0.173866090713
586	0.171706263499
594	0.169546436285
597	0.168466522678
602	0.167386609071
603	0.166306695464
639	0.165226781857
642	0.164146868251
645	0.163066954644
655	0.161987041037
669	0.16090712743
673	0.158747300216
691	0.157667386609
692	0.156587473002
698	0.155507559395
701	0.154427645788
721	0.153347732181
732	0.152267818575
758	0.151187904968
760	0.150107991361
778	0.147948164147
786	0.14686825054
805	0.145788336933
820	0.144708423326
835	0.143628509719
847	0.142548596112
865	0.141468682505
881	0.140388768898
896	0.139308855292
902	0.138228941685
930	0.137149028078
934	0.136069114471
943	0.134989200864
949	0.133909287257
956	0.13282937365
972	0.131749460043
1006	0.130669546436
1033	0.129589632829
1048	0.128509719222
1049	0.127429805616
1061	0.126349892009
1068	0.125269978402
1069	0.124190064795
1101	0.123110151188
1104	0.122030237581
1107	0.120950323974
1125	0.119870410367
1145	0.11879049676
1160	0.117710583153
1175	0.116630669546
1187	0.11555075594
1217	0.114470842333
1268	0.113390928726
1275	0.112311015119
1287	0.111231101512
1314	0.110151187905
1334	0.109071274298
1355	0.107991360691
1389	0.106911447084
1399	0.105831533477
1414	0.10475161987
1452	0.103671706263
1458	0.102591792657
1492	0.10151187905
1498	0.100431965443
1537	0.0993520518359
1547	0.0982721382289
1569	0.097192224622
1596	0.0961123110151
1602	0.0950323974082
1630	0.0939524838013
1693	0.0928725701944
1716	0.0917926565875
1762	0.0907127429806
1775	0.0896328293737
1832	0.0885529157667
1846	0.0874730021598
1895	0.0863930885529
1919	0.085313174946
1926	0.0842332613391
1931	0.0831533477322
1965	0.0820734341253
1966	0.0809935205184
2075	0.0799136069114
2121	0.0788336933045
2123	0.0777537796976
2127	0.0766738660907
2134	0.0755939524838
2152	0.0745140388769
2236	0.07343412527
2243	0.0723542116631
2257	0.0712742980562
2395	0.0701943844492
2457	0.0691144708423
2467	0.0680345572354
2491	0.0669546436285
2533	0.0658747300216
2624	0.0647948164147
2641	0.0637149028078
2644	0.0626349892009
2662	0.061555075594
2701	0.060475161987
2826	0.0593952483801
2911	0.0583153347732
2933	0.0572354211663
2976	0.0561555075594
3151	0.0550755939525
3241	0.0539956803456
3394	0.0529157667387
3594	0.0518358531317
3669	0.0507559395248
3680	0.0496760259179
3798	0.048596112311
3821	0.0475161987041
3839	0.0464362850972
3840	0.0453563714903
3887	0.0442764578834
3940	0.0431965442765
4297	0.0421166306695
4373	0.0410367170626
4451	0.0399568034557
4518	0.0388768898488
4626	0.0377969762419
4683	0.036717062635
4684	0.0356371490281
5805	0.0345572354212
5961	0.0334773218143
6211	0.0323974082073
6627	0.0313174946004
6941	0.0302375809935
7512	0.0291576673866
7835	0.0280777537797
9209	0.0269978401728
9435	0.0259179265659
9453	0.024838012959
9625	0.0237580993521
10334	0.0226781857451
11308	0.0215982721382
11625	0.0205183585313
11738	0.0194384449244
12427	0.0183585313175
13092	0.0172786177106
13994	0.0161987041037
14911	0.0151187904968
15024	0.0140388768898
16363	0.0129589632829
18575	0.011879049676
19039	0.0107991360691
21456	0.0097192224622
22431	0.00863930885529
22850	0.00755939524838
23492	0.00647948164147
31428	0.00539956803456
33265	0.00431965442765
34851	0.00323974082073
35673	0.00215982721382
47703	0.00107991360691
