# TotalOfPaymentsDollars   NumDoctorsTakingThatMuchInTotalPayments
10.0	1
20.0	55
30.0	1580
40.0	3439
50.0	4228
60.0	4195
70.0	4055
80.0	3764
90.0	3628
100.0	3477
110.0	3407
120.0	3351
130.0	3152
140.0	3030
150.0	2933
160.0	2795
170.0	2763
180.0	2650
190.0	2393
200.0	2404
210.0	2295
220.0	2203
230.0	2147
240.0	2070
250.0	1890
260.0	1925
270.0	1776
280.0	1615
290.0	1609
300.0	1519
310.0	1474
320.0	1361
330.0	1304
340.0	1239
350.0	1184
360.0	1157
370.0	1112
380.0	1067
390.0	1017
400.0	983
410.0	921
420.0	938
430.0	856
440.0	804
450.0	769
460.0	736
470.0	698
480.0	684
490.0	653
500.0	672
510.0	618
520.0	614
530.0	597
540.0	560
550.0	497
560.0	464
570.0	484
580.0	450
590.0	440
600.0	433
610.0	407
620.0	369
630.0	377
640.0	361
650.0	369
660.0	362
670.0	319
680.0	344
690.0	291
700.0	281
710.0	288
720.0	257
730.0	251
740.0	237
750.0	242
760.0	231
770.0	241
780.0	254
790.0	195
800.0	202
810.0	214
820.0	198
830.0	184
840.0	182
850.0	171
860.0	184
870.0	174
880.0	162
890.0	163
900.0	156
910.0	155
920.0	170
930.0	166
940.0	110
950.0	147
960.0	120
970.0	134
980.0	106
990.0	120
1000.0	117
1010.0	128
1020.0	109
1030.0	111
1040.0	109
1050.0	103
1060.0	103
1070.0	102
1080.0	96
1090.0	117
1100.0	109
1110.0	92
1120.0	107
1130.0	96
1140.0	87
1150.0	86
1160.0	91
1170.0	91
1180.0	92
1190.0	74
1200.0	80
1210.0	75
1220.0	78
1230.0	76
1240.0	63
1250.0	70
1260.0	76
1270.0	66
1280.0	69
1290.0	77
1300.0	66
1310.0	67
1320.0	70
1330.0	64
1340.0	62
1350.0	73
1360.0	70
1370.0	51
1380.0	60
1390.0	47
1400.0	57
1410.0	63
1420.0	54
1430.0	63
1440.0	56
1450.0	55
1460.0	53
1470.0	55
1480.0	64
1490.0	51
1500.0	49
1510.0	75
1520.0	57
1530.0	54
1540.0	52
1550.0	56
1560.0	57
1570.0	48
1580.0	71
1590.0	47
1600.0	50
1610.0	53
1620.0	47
1630.0	64
1640.0	42
1650.0	40
1660.0	62
1670.0	55
1680.0	53
1690.0	48
1700.0	44
1710.0	38
1720.0	43
1730.0	51
1740.0	35
1750.0	39
1760.0	46
1770.0	43
1780.0	41
1790.0	40
1800.0	49
1810.0	43
1820.0	38
1830.0	46
1840.0	44
1850.0	52
1860.0	40
1870.0	38
1880.0	42
1890.0	30
1900.0	29
1910.0	42
1920.0	41
1930.0	48
1940.0	33
1950.0	40
1960.0	46
1970.0	30
1980.0	34
1990.0	37
2000.0	41
2010.0	31
2020.0	38
2030.0	32
2040.0	38
2050.0	24
2060.0	39
2070.0	34
2080.0	36
2090.0	38
2100.0	32
2110.0	38
2120.0	27
2130.0	26
2140.0	36
2150.0	33
2160.0	38
2170.0	27
2180.0	35
2190.0	20
2200.0	32
2210.0	36
2220.0	27
2230.0	26
2240.0	35
2250.0	32
2260.0	38
2270.0	26
2280.0	37
2290.0	41
2300.0	27
2310.0	24
2320.0	23
2330.0	31
2340.0	26
2350.0	28
2360.0	22
2370.0	29
2380.0	36
2390.0	29
2400.0	35
2410.0	34
2420.0	35
2430.0	19
2440.0	30
2450.0	28
2460.0	31
2470.0	33
2480.0	21
2490.0	21
2500.0	27
2510.0	28
2520.0	19
2530.0	23
2540.0	23
2550.0	24
2560.0	25
2570.0	22
2580.0	25
2590.0	25
2600.0	34
2610.0	16
2620.0	31
2630.0	32
2640.0	21
2650.0	22
2660.0	22
2670.0	28
2680.0	35
2690.0	26
2700.0	15
2710.0	20
2720.0	27
2730.0	24
2740.0	23
2750.0	19
2760.0	26
2770.0	23
2780.0	30
2790.0	19
2800.0	22
2810.0	24
2820.0	20
2830.0	21
2840.0	21
2850.0	15
2860.0	13
2870.0	26
2880.0	30
2890.0	22
2900.0	22
2910.0	20
2920.0	21
2930.0	22
2940.0	9
2950.0	26
2960.0	23
2970.0	29
2980.0	20
2990.0	18
3000.0	26
3010.0	19
3020.0	19
3030.0	24
3040.0	23
3050.0	25
3060.0	23
3070.0	26
3080.0	25
3090.0	23
3100.0	21
3110.0	17
3120.0	14
3130.0	23
3140.0	16
3150.0	19
3160.0	17
3170.0	17
3180.0	26
3190.0	23
3200.0	20
3210.0	27
3220.0	20
3230.0	23
3240.0	21
3250.0	22
3260.0	15
3270.0	14
3280.0	14
3290.0	19
3300.0	16
3310.0	9
3320.0	23
3330.0	17
3340.0	14
3350.0	16
3360.0	23
3370.0	13
3380.0	23
3390.0	14
3400.0	16
3410.0	16
3420.0	18
3430.0	15
3440.0	18
3450.0	21
3460.0	21
3470.0	22
3480.0	18
3490.0	14
3500.0	16
3510.0	19
3520.0	20
3530.0	21
3540.0	13
3550.0	12
3560.0	21
3570.0	19
3580.0	11
3590.0	21
3600.0	11
3610.0	15
3620.0	14
3630.0	17
3640.0	19
3650.0	16
3660.0	27
3670.0	12
3680.0	22
3690.0	13
3700.0	22
3710.0	17
3720.0	16
3730.0	30
3740.0	17
3750.0	15
3760.0	16
3770.0	13
3780.0	16
3790.0	11
3800.0	15
3810.0	19
3820.0	11
3830.0	22
3840.0	15
3850.0	12
3860.0	14
3870.0	26
3880.0	14
3890.0	11
3900.0	17
3910.0	17
3920.0	21
3930.0	17
3940.0	11
3950.0	14
3960.0	11
3970.0	12
3980.0	20
3990.0	11
4000.0	18
4010.0	10
4020.0	11
4030.0	18
4040.0	11
4050.0	19
4060.0	18
4070.0	12
4080.0	13
4090.0	19
4100.0	16
4110.0	12
4120.0	12
4130.0	16
4140.0	12
4150.0	14
4160.0	17
4170.0	10
4180.0	12
4190.0	18
4200.0	17
4210.0	14
4220.0	15
4230.0	9
4240.0	19
4250.0	10
4260.0	22
4270.0	21
4280.0	10
4290.0	11
4300.0	14
4310.0	14
4320.0	16
4330.0	17
4340.0	14
4350.0	10
4360.0	11
4370.0	13
4380.0	17
4390.0	11
4400.0	9
4410.0	13
4420.0	15
4430.0	11
4440.0	17
4450.0	6
4460.0	12
4470.0	12
4480.0	15
4490.0	7
4500.0	23
4510.0	16
4520.0	12
4530.0	17
4540.0	15
4550.0	7
4560.0	16
4570.0	13
4580.0	10
4590.0	11
4600.0	14
4610.0	15
4620.0	11
4630.0	16
4640.0	6
4650.0	12
4660.0	12
4670.0	9
4680.0	16
4690.0	11
4700.0	14
4710.0	14
4720.0	13
4730.0	18
4740.0	18
4750.0	13
4760.0	9
4770.0	16
4780.0	10
4790.0	18
4800.0	12
4810.0	19
4820.0	13
4830.0	10
4840.0	9
4850.0	19
4860.0	12
4870.0	10
4880.0	12
4890.0	16
4900.0	19
4910.0	11
4920.0	10
4930.0	12
4940.0	10
4950.0	6
4960.0	7
4970.0	13
4980.0	12
4990.0	9
5000.0	10
5010.0	6
5020.0	18
5030.0	14
5040.0	19
5050.0	7
5060.0	10
5070.0	17
5080.0	15
5090.0	11
5100.0	15
5110.0	8
5120.0	8
5130.0	12
5140.0	6
5150.0	11
5160.0	11
5170.0	12
5180.0	20
5190.0	6
5200.0	9
5210.0	11
5220.0	12
5230.0	14
5240.0	11
5250.0	12
5260.0	15
5270.0	12
5280.0	22
5290.0	10
5300.0	13
5310.0	10
5320.0	14
5330.0	9
5340.0	6
5350.0	7
5360.0	7
5370.0	16
5380.0	14
5390.0	9
5400.0	12
5410.0	13
5420.0	12
5430.0	13
5440.0	6
5450.0	11
5460.0	10
5470.0	8
5480.0	10
5490.0	8
5500.0	12
5510.0	14
5520.0	13
5530.0	8
5540.0	8
5550.0	4
5560.0	11
5570.0	8
5580.0	7
5590.0	4
5600.0	12
5610.0	7
5620.0	13
5630.0	11
5640.0	14
5650.0	10
5660.0	6
5670.0	13
5680.0	11
5690.0	11
5700.0	11
5710.0	14
5720.0	7
5730.0	16
5740.0	10
5750.0	13
5760.0	6
5770.0	12
5780.0	9
5790.0	10
5800.0	19
5810.0	6
5820.0	7
5830.0	10
5840.0	10
5850.0	10
5860.0	14
5870.0	7
5880.0	10
5890.0	6
5900.0	6
5910.0	9
5920.0	8
5930.0	8
5940.0	13
5950.0	8
5960.0	7
5970.0	9
5980.0	5
5990.0	9
6000.0	5
6010.0	12
6020.0	7
6030.0	11
6040.0	12
6050.0	5
6060.0	6
6070.0	12
6080.0	12
6090.0	15
6100.0	7
6110.0	6
6120.0	12
6130.0	5
6140.0	11
6150.0	8
6160.0	11
6170.0	11
6180.0	10
6190.0	10
6200.0	10
6210.0	11
6220.0	10
6230.0	7
6240.0	6
6250.0	4
6260.0	11
6270.0	4
6280.0	9
6290.0	7
6300.0	6
6310.0	9
6320.0	7
6330.0	8
6340.0	9
6350.0	9
6360.0	15
6370.0	9
6380.0	7
6390.0	10
6400.0	9
6410.0	15
6420.0	7
6430.0	5
6440.0	5
6450.0	11
6460.0	13
6470.0	9
6480.0	8
6490.0	7
6500.0	12
6510.0	7
6520.0	9
6530.0	5
6540.0	4
6550.0	3
6560.0	17
6570.0	8
6580.0	8
6590.0	10
6600.0	10
6610.0	9
6620.0	7
6630.0	8
6640.0	9
6650.0	7
6660.0	14
6670.0	18
6680.0	6
6690.0	7
6700.0	6
6710.0	3
6720.0	10
6730.0	9
6740.0	7
6750.0	4
6760.0	9
6770.0	10
6780.0	4
6790.0	15
6800.0	7
6810.0	6
6820.0	8
6830.0	4
6840.0	6
6850.0	11
6860.0	5
6870.0	6
6880.0	4
6890.0	8
6900.0	10
6910.0	4
6920.0	6
6930.0	9
6940.0	7
6950.0	8
6960.0	8
6970.0	8
6980.0	6
6990.0	7
7000.0	6
7010.0	7
7020.0	7
7030.0	5
7040.0	14
7050.0	7
7060.0	9
7070.0	6
7080.0	6
7090.0	5
7100.0	8
7110.0	6
7120.0	7
7130.0	5
7140.0	5
7150.0	9
7160.0	6
7170.0	6
7180.0	8
7190.0	6
7200.0	7
7210.0	5
7220.0	9
7230.0	13
7240.0	9
7250.0	7
7260.0	6
7270.0	3
7280.0	6
7290.0	7
7300.0	10
7310.0	2
7320.0	3
7330.0	5
7340.0	8
7350.0	7
7360.0	9
7370.0	5
7380.0	17
7390.0	9
7400.0	5
7410.0	16
7420.0	10
7430.0	3
7440.0	6
7450.0	9
7460.0	9
7470.0	13
7480.0	4
7490.0	11
7500.0	7
7510.0	10
7520.0	5
7530.0	9
7540.0	9
7550.0	9
7560.0	6
7570.0	5
7580.0	6
7590.0	5
7600.0	13
7610.0	4
7620.0	7
7630.0	6
7640.0	5
7650.0	9
7660.0	4
7670.0	6
7680.0	8
7690.0	3
7700.0	6
7710.0	4
7720.0	3
7730.0	4
7740.0	4
7750.0	6
7760.0	10
7770.0	9
7780.0	8
7790.0	5
7800.0	6
7810.0	6
7820.0	5
7830.0	5
7840.0	5
7850.0	8
7860.0	5
7870.0	3
7880.0	8
7890.0	6
7900.0	5
7910.0	4
7920.0	9
7930.0	12
7940.0	4
7950.0	2
7960.0	3
7970.0	6
7980.0	7
7990.0	6
8000.0	6
8010.0	5
8020.0	4
8030.0	2
8040.0	5
8050.0	6
8060.0	4
8070.0	11
8080.0	8
8090.0	8
8100.0	7
8110.0	3
8120.0	4
8130.0	8
8140.0	5
8150.0	3
8160.0	5
8170.0	11
8180.0	5
8190.0	8
8200.0	4
8210.0	5
8220.0	9
8230.0	5
8240.0	6
8250.0	4
8260.0	3
8270.0	8
8280.0	5
8290.0	9
8300.0	4
8310.0	2
8320.0	5
8330.0	5
8340.0	3
8350.0	4
8360.0	10
8370.0	6
8380.0	2
8390.0	5
8400.0	7
8410.0	3
8420.0	6
8430.0	5
8440.0	3
8450.0	5
8460.0	3
8470.0	6
8480.0	3
8490.0	1
8500.0	8
8510.0	5
8520.0	8
8530.0	7
8540.0	5
8550.0	9
8560.0	8
8570.0	5
8580.0	5
8590.0	7
8600.0	12
8610.0	6
8620.0	2
8630.0	8
8640.0	10
8650.0	1
8660.0	8
8670.0	6
8680.0	5
8690.0	3
8700.0	3
8710.0	6
8720.0	5
8730.0	10
8740.0	3
8750.0	4
8760.0	6
8770.0	11
8780.0	4
8790.0	3
8800.0	11
8810.0	7
8820.0	7
8830.0	7
8840.0	4
8850.0	7
8860.0	3
8870.0	5
8880.0	4
8890.0	8
8900.0	9
8910.0	3
8920.0	7
8930.0	7
8940.0	8
8950.0	8
8960.0	7
8970.0	7
8980.0	4
8990.0	4
9000.0	7
9010.0	8
9020.0	5
9030.0	7
9040.0	2
9050.0	5
9060.0	11
9070.0	4
9080.0	4
9090.0	5
9100.0	7
9110.0	7
9120.0	2
9130.0	8
9140.0	3
9150.0	4
9160.0	8
9170.0	4
9180.0	3
9190.0	6
9200.0	3
9210.0	3
9220.0	4
9230.0	4
9240.0	4
9250.0	1
9260.0	5
9270.0	5
9280.0	2
9290.0	7
9300.0	6
9310.0	1
9320.0	7
9330.0	3
9340.0	6
9350.0	6
9360.0	5
9370.0	3
9380.0	3
9390.0	8
9400.0	1
9410.0	6
9420.0	5
9430.0	8
9440.0	2
9450.0	4
9460.0	7
9470.0	3
9480.0	5
9490.0	4
9500.0	5
9510.0	1
9520.0	8
9530.0	5
9540.0	6
9550.0	4
9560.0	9
9570.0	5
9580.0	10
9590.0	4
9600.0	10
9610.0	9
9620.0	6
9630.0	8
9640.0	5
9650.0	3
9660.0	2
9670.0	4
9680.0	6
9690.0	5
9700.0	6
9710.0	7
9720.0	11
9730.0	4
9740.0	5
9750.0	5
9760.0	4
9770.0	4
9780.0	5
9790.0	8
9800.0	7
9810.0	5
9820.0	7
9830.0	5
9840.0	6
9850.0	3
9860.0	5
9870.0	4
9880.0	5
9890.0	5
9900.0	6
9910.0	8
9920.0	9
9930.0	3
9940.0	6
9950.0	3
9960.0	9
9970.0	9
9980.0	8
9990.0	4
10000.0	3
10010.0	3
10020.0	3
10030.0	3
10040.0	2
10050.0	5
10060.0	5
10070.0	1
10080.0	5
10090.0	8
10100.0	7
10110.0	5
10120.0	1
10130.0	9
10140.0	2
10150.0	3
10160.0	10
10170.0	3
10180.0	8
10190.0	5
10200.0	3
10210.0	4
10220.0	6
10230.0	7
10240.0	7
10250.0	5
10260.0	7
10270.0	5
10280.0	5
10290.0	9
10300.0	6
10310.0	4
10320.0	5
10330.0	6
10340.0	7
10350.0	4
10360.0	8
10370.0	2
10380.0	5
10390.0	5
10400.0	3
10410.0	4
10420.0	2
10430.0	6
10440.0	3
10450.0	4
10460.0	5
10470.0	3
10480.0	3
10490.0	6
10500.0	3
10510.0	3
10520.0	6
10530.0	5
10540.0	2
10550.0	6
10560.0	3
10570.0	3
10580.0	5
10590.0	4
10600.0	4
10610.0	4
10620.0	3
10630.0	8
10640.0	5
10650.0	6
10660.0	6
10670.0	3
10680.0	2
10700.0	1
10710.0	8
10720.0	6
10730.0	4
10740.0	2
10750.0	2
10760.0	2
10770.0	3
10780.0	10
10790.0	4
10800.0	3
10810.0	5
10820.0	5
10830.0	3
10840.0	4
10850.0	1
10860.0	8
10870.0	3
10880.0	6
10890.0	5
10900.0	4
10910.0	4
10920.0	5
10930.0	6
10940.0	4
10950.0	2
10960.0	5
10970.0	6
10980.0	5
10990.0	4
11000.0	5
11010.0	4
11020.0	4
11030.0	6
11040.0	2
11050.0	6
11060.0	2
11070.0	3
11080.0	5
11090.0	1
11100.0	4
11110.0	1
11120.0	6
11130.0	3
11140.0	1
11150.0	2
11160.0	7
11170.0	8
11180.0	4
11190.0	6
11200.0	1
11210.0	4
11220.0	4
11230.0	3
11240.0	5
11250.0	5
11260.0	4
11270.0	7
11280.0	3
11290.0	6
11300.0	3
11310.0	4
11320.0	2
11330.0	6
11340.0	1
11350.0	6
11360.0	2
11370.0	7
11380.0	2
11390.0	6
11400.0	8
11410.0	4
11420.0	3
11430.0	4
11440.0	7
11450.0	5
11460.0	1
11470.0	2
11480.0	5
11490.0	3
11500.0	4
11510.0	2
11520.0	5
11530.0	8
11540.0	26
11550.0	4
11560.0	12
11570.0	6
11580.0	5
11590.0	7
11600.0	4
11610.0	5
11620.0	7
11630.0	4
11640.0	3
11650.0	2
11660.0	4
11670.0	6
11680.0	8
11690.0	5
11700.0	6
11710.0	2
11720.0	6
11730.0	9
11740.0	5
11750.0	1
11760.0	6
11770.0	1
11780.0	4
11790.0	5
11800.0	3
11810.0	6
11820.0	6
11830.0	6
11840.0	3
11850.0	4
11860.0	5
11870.0	5
11880.0	6
11890.0	7
11900.0	3
11910.0	8
11920.0	5
11930.0	1
11940.0	4
11950.0	5
11960.0	3
11970.0	5
11980.0	5
11990.0	3
12000.0	5
12010.0	5
12020.0	3
12030.0	5
12040.0	2
12050.0	4
12060.0	7
12070.0	6
12080.0	5
12090.0	1
12100.0	2
12110.0	2
12130.0	2
12140.0	2
12150.0	4
12160.0	4
12170.0	1
12180.0	5
12190.0	1
12200.0	2
12210.0	2
12220.0	2
12230.0	2
12240.0	7
12250.0	3
12260.0	5
12270.0	3
12280.0	4
12290.0	4
12300.0	1
12310.0	3
12320.0	3
12330.0	2
12340.0	4
12350.0	5
12360.0	7
12370.0	3
12380.0	10
12390.0	2
12400.0	2
12410.0	2
12420.0	2
12430.0	4
12440.0	3
12450.0	5
12470.0	4
12480.0	2
12490.0	9
12500.0	3
12510.0	8
12520.0	6
12530.0	6
12540.0	3
12550.0	3
12560.0	4
12570.0	6
12580.0	5
12590.0	1
12600.0	2
12610.0	1
12620.0	2
12630.0	4
12640.0	4
12660.0	6
12670.0	1
12680.0	2
12690.0	1
12700.0	3
12710.0	2
12720.0	1
12730.0	2
12740.0	4
12750.0	2
12760.0	3
12770.0	1
12780.0	2
12790.0	2
12800.0	4
12820.0	1
12830.0	4
12840.0	6
12850.0	3
12860.0	4
12870.0	5
12880.0	3
12890.0	3
12900.0	7
12910.0	4
12920.0	5
12930.0	1
12940.0	8
12950.0	3
12960.0	3
12970.0	1
12980.0	5
12990.0	2
13000.0	7
13020.0	7
13030.0	1
13040.0	6
13050.0	2
13060.0	1
13070.0	1
13080.0	9
13090.0	2
13100.0	5
13110.0	5
13120.0	7
13130.0	3
13140.0	3
13150.0	2
13160.0	2
13170.0	4
13180.0	3
13190.0	5
13200.0	5
13210.0	2
13230.0	6
13240.0	4
13250.0	2
13260.0	1
13270.0	5
13280.0	4
13290.0	6
13300.0	4
13310.0	4
13320.0	4
13330.0	4
13340.0	6
13350.0	3
13360.0	4
13370.0	3
13380.0	1
13390.0	5
13400.0	2
13410.0	3
13420.0	3
13430.0	4
13440.0	1
13450.0	4
13460.0	4
13480.0	3
13490.0	3
13500.0	1
13510.0	5
13520.0	2
13530.0	1
13540.0	6
13550.0	6
13560.0	4
13570.0	1
13580.0	2
13590.0	3
13600.0	1
13610.0	5
13620.0	2
13630.0	4
13640.0	4
13650.0	4
13660.0	4
13670.0	4
13680.0	1
13690.0	2
13700.0	1
13710.0	3
13720.0	3
13730.0	3
13740.0	3
13750.0	4
13760.0	1
13770.0	3
13780.0	1
13790.0	5
13800.0	1
13810.0	1
13820.0	2
13830.0	4
13840.0	2
13850.0	2
13860.0	2
13870.0	4
13880.0	5
13890.0	2
13900.0	8
13910.0	3
13920.0	2
13930.0	1
13940.0	3
13950.0	4
13960.0	2
13970.0	3
13980.0	3
13990.0	7
14010.0	3
14020.0	4
14030.0	2
14040.0	4
14050.0	4
14060.0	1
14080.0	3
14090.0	3
14100.0	2
14110.0	2
14120.0	3
14130.0	2
14140.0	2
14150.0	3
14160.0	4
14170.0	3
14180.0	1
14190.0	4
14200.0	4
14220.0	1
14230.0	1
14240.0	3
14250.0	1
14260.0	5
14270.0	1
14280.0	3
14290.0	2
14300.0	1
14310.0	2
14320.0	7
14330.0	6
14340.0	3
14350.0	3
14360.0	5
14370.0	1
14380.0	4
14390.0	5
14400.0	3
14420.0	1
14430.0	4
14440.0	3
14450.0	2
14460.0	5
14470.0	3
14480.0	2
14490.0	1
14500.0	1
14510.0	2
14520.0	5
14530.0	1
14540.0	3
14550.0	4
14560.0	3
14580.0	2
14590.0	3
14600.0	3
14610.0	9
14620.0	4
14630.0	2
14640.0	4
14650.0	2
14660.0	4
14670.0	5
14680.0	2
14690.0	4
14700.0	1
14710.0	6
14720.0	3
14730.0	3
14740.0	4
14750.0	6
14760.0	2
14770.0	3
14780.0	3
14790.0	4
14800.0	3
14810.0	4
14820.0	1
14830.0	2
14840.0	1
14850.0	2
14860.0	3
14870.0	5
14880.0	5
14890.0	5
14900.0	3
14910.0	1
14920.0	3
14930.0	1
14940.0	3
14950.0	3
14960.0	1
14970.0	4
14980.0	2
14990.0	1
15010.0	2
15020.0	5
15030.0	4
15040.0	3
15050.0	6
15060.0	1
15070.0	5
15080.0	3
15090.0	4
15100.0	2
15110.0	2
15120.0	2
15140.0	2
15150.0	7
15160.0	1
15170.0	3
15180.0	6
15190.0	6
15200.0	3
15210.0	4
15220.0	5
15230.0	2
15240.0	5
15250.0	6
15260.0	3
15270.0	4
15280.0	7
15290.0	5
15300.0	2
15310.0	5
15320.0	2
15330.0	6
15340.0	8
15350.0	1
15360.0	3
15370.0	5
15380.0	1
15390.0	1
15400.0	6
15410.0	2
15420.0	2
15430.0	1
15440.0	1
15450.0	3
15460.0	3
15470.0	5
15480.0	1
15490.0	4
15500.0	2
15510.0	3
15520.0	2
15530.0	2
15540.0	3
15550.0	1
15560.0	4
15570.0	2
15580.0	3
15600.0	1
15610.0	4
15620.0	4
15630.0	3
15640.0	1
15650.0	1
15660.0	4
15670.0	1
15680.0	4
15690.0	6
15700.0	1
15710.0	1
15720.0	5
15730.0	1
15740.0	3
15750.0	2
15760.0	3
15770.0	2
15780.0	2
15790.0	3
15800.0	2
15810.0	5
15820.0	4
15830.0	2
15840.0	3
15850.0	1
15860.0	3
15870.0	3
15880.0	4
15900.0	5
15910.0	2
15920.0	2
15930.0	1
15940.0	2
15950.0	1
15960.0	3
15970.0	5
15980.0	3
15990.0	5
16000.0	3
16010.0	4
16020.0	3
16030.0	3
16040.0	2
16050.0	2
16060.0	3
16070.0	3
16080.0	2
16090.0	2
16100.0	5
16110.0	2
16120.0	2
16140.0	2
16150.0	2
16160.0	3
16190.0	6
16200.0	3
16220.0	1
16230.0	3
16260.0	1
16270.0	2
16280.0	2
16290.0	1
16300.0	4
16310.0	2
16320.0	3
16330.0	2
16340.0	2
16350.0	2
16360.0	2
16370.0	4
16380.0	2
16390.0	3
16400.0	4
16410.0	1
16420.0	2
16430.0	4
16460.0	2
16470.0	4
16480.0	2
16490.0	2
16500.0	7
16510.0	2
16520.0	1
16530.0	1
16550.0	2
16560.0	3
16570.0	3
16580.0	6
16590.0	1
16600.0	2
16620.0	6
16630.0	3
16640.0	1
16650.0	1
16660.0	2
16670.0	4
16680.0	2
16690.0	4
16710.0	3
16720.0	1
16730.0	1
16740.0	4
16750.0	3
16770.0	3
16780.0	2
16790.0	3
16800.0	1
16850.0	2
16860.0	2
16870.0	4
16880.0	4
16890.0	1
16900.0	4
16910.0	3
16920.0	3
16930.0	2
16940.0	3
16950.0	1
16960.0	4
16970.0	3
16980.0	2
16990.0	2
17000.0	5
17010.0	1
17020.0	3
17030.0	1
17040.0	3
17050.0	2
17060.0	2
17070.0	4
17080.0	2
17100.0	3
17110.0	3
17120.0	2
17130.0	1
17150.0	1
17160.0	1
17170.0	2
17180.0	3
17190.0	4
17200.0	3
17210.0	3
17220.0	3
17230.0	1
17240.0	5
17250.0	2
17260.0	2
17270.0	5
17280.0	2
17300.0	2
17310.0	2
17330.0	2
17340.0	2
17350.0	2
17360.0	3
17370.0	2
17380.0	1
17390.0	2
17400.0	4
17410.0	1
17420.0	1
17430.0	5
17440.0	2
17450.0	5
17460.0	3
17470.0	1
17480.0	3
17490.0	2
17500.0	3
17510.0	1
17520.0	3
17530.0	5
17540.0	2
17550.0	1
17560.0	3
17570.0	3
17580.0	1
17590.0	1
17600.0	2
17610.0	5
17620.0	2
17630.0	2
17640.0	5
17650.0	1
17660.0	2
17670.0	3
17680.0	1
17690.0	1
17700.0	1
17710.0	1
17720.0	2
17730.0	1
17740.0	4
17750.0	4
17770.0	2
17780.0	2
17790.0	3
17800.0	2
17810.0	3
17820.0	1
17830.0	4
17840.0	1
17860.0	1
17870.0	3
17880.0	2
17900.0	4
17910.0	3
17920.0	2
17930.0	2
17940.0	2
17950.0	2
17960.0	1
17970.0	4
17980.0	2
17990.0	1
18000.0	1
18010.0	4
18020.0	2
18040.0	2
18050.0	2
18060.0	4
18070.0	5
18080.0	3
18090.0	3
18100.0	1
18110.0	1
18140.0	1
18160.0	5
18180.0	2
18190.0	4
18200.0	1
18210.0	2
18230.0	3
18240.0	1
18250.0	1
18260.0	1
18270.0	4
18280.0	2
18290.0	1
18300.0	2
18310.0	1
18320.0	1
18330.0	2
18340.0	4
18360.0	1
18370.0	1
18380.0	4
18400.0	1
18410.0	3
18420.0	3
18430.0	1
18440.0	2
18450.0	2
18470.0	4
18480.0	1
18490.0	1
18500.0	3
18520.0	2
18530.0	2
18540.0	4
18550.0	4
18560.0	1
18580.0	1
18590.0	4
18600.0	2
18610.0	2
18620.0	1
18630.0	3
18640.0	2
18650.0	1
18660.0	1
18670.0	1
18680.0	3
18690.0	4
18710.0	1
18720.0	2
18730.0	4
18740.0	2
18750.0	1
18760.0	3
18780.0	5
18790.0	2
18810.0	1
18820.0	1
18830.0	6
18840.0	2
18850.0	3
18860.0	2
18870.0	4
18890.0	1
18900.0	2
18910.0	1
18920.0	2
18930.0	2
18940.0	1
18960.0	2
18980.0	3
19000.0	1
19010.0	2
19020.0	2
19030.0	1
19040.0	1
19050.0	2
19060.0	3
19070.0	5
19080.0	3
19090.0	2
19110.0	1
19130.0	1
19140.0	4
19150.0	2
19160.0	1
19170.0	2
19180.0	3
19190.0	3
19200.0	2
19210.0	4
19220.0	3
19230.0	1
19240.0	3
19250.0	2
19260.0	1
19270.0	3
19280.0	2
19300.0	2
19310.0	2
19320.0	2
19330.0	4
19340.0	3
19350.0	3
19360.0	3
19370.0	1
19380.0	1
19390.0	5
19400.0	1
19440.0	4
19450.0	1
19470.0	1
19480.0	1
19490.0	1
19500.0	1
19510.0	3
19530.0	2
19540.0	1
19550.0	1
19560.0	1
19570.0	2
19590.0	1
19600.0	1
19610.0	2
19620.0	3
19660.0	3
19670.0	2
19680.0	2
19690.0	2
19700.0	3
19710.0	1
19720.0	2
19730.0	1
19740.0	2
19750.0	3
19760.0	3
19770.0	2
19790.0	1
19800.0	2
19820.0	3
19830.0	5
19840.0	2
19860.0	1
19890.0	4
19900.0	1
19930.0	2
19940.0	4
19950.0	1
19970.0	1
19980.0	1
19990.0	2
20000.0	2
20010.0	1
20020.0	3
20030.0	3
20050.0	3
20060.0	5
20090.0	2
20100.0	1
20110.0	2
20120.0	1
20140.0	2
20170.0	2
20180.0	2
20190.0	1
20200.0	5
20210.0	2
20220.0	2
20240.0	1
20250.0	3
20260.0	2
20270.0	1
20280.0	4
20290.0	2
20300.0	1
20310.0	1
20320.0	1
20330.0	3
20340.0	2
20350.0	1
20360.0	1
20370.0	3
20380.0	3
20390.0	3
20400.0	1
20420.0	2
20430.0	1
20440.0	3
20450.0	3
20460.0	1
20470.0	1
20490.0	1
20500.0	1
20510.0	1
20520.0	3
20530.0	5
20540.0	2
20550.0	2
20560.0	1
20570.0	1
20580.0	2
20590.0	3
20600.0	2
20610.0	2
20620.0	1
20630.0	2
20640.0	1
20660.0	3
20680.0	1
20690.0	1
20700.0	2
20730.0	2
20740.0	3
20750.0	2
20760.0	2
20770.0	2
20780.0	1
20790.0	2
20800.0	1
20810.0	2
20820.0	1
20840.0	1
20850.0	2
20860.0	1
20870.0	1
20890.0	1
20900.0	2
20920.0	2
20930.0	2
20950.0	2
20960.0	2
20980.0	1
20990.0	2
21000.0	4
21010.0	1
21020.0	2
21030.0	1
21040.0	1
21050.0	2
21070.0	2
21080.0	2
21090.0	1
21100.0	1
21110.0	1
21120.0	2
21130.0	5
21150.0	1
21160.0	2
21180.0	1
21190.0	1
21200.0	4
21230.0	1
21240.0	4
21250.0	3
21260.0	1
21270.0	2
21280.0	1
21290.0	1
21300.0	1
21310.0	1
21330.0	3
21350.0	2
21360.0	3
21370.0	1
21390.0	2
21400.0	1
21410.0	1
21420.0	1
21430.0	2
21440.0	2
21450.0	1
21460.0	2
21470.0	2
21480.0	2
21490.0	2
21510.0	2
21520.0	1
21540.0	3
21560.0	1
21570.0	1
21580.0	3
21590.0	1
21600.0	2
21610.0	2
21620.0	1
21630.0	1
21640.0	1
21650.0	1
21670.0	1
21680.0	4
21690.0	6
21700.0	4
21710.0	2
21720.0	1
21730.0	3
21740.0	4
21750.0	1
21760.0	2
21770.0	1
21780.0	3
21800.0	1
21810.0	1
21820.0	1
21830.0	1
21850.0	1
21860.0	1
21870.0	1
21880.0	3
21900.0	1
21920.0	1
21930.0	1
21940.0	1
21950.0	1
21960.0	2
21970.0	2
21980.0	3
21990.0	4
22000.0	1
22010.0	1
22020.0	2
22030.0	1
22040.0	5
22050.0	1
22060.0	3
22070.0	1
22080.0	1
22090.0	2
22110.0	1
22150.0	3
22160.0	6
22170.0	1
22180.0	1
22190.0	2
22200.0	1
22210.0	1
22220.0	1
22230.0	1
22270.0	2
22280.0	1
22290.0	1
22300.0	1
22320.0	1
22330.0	1
22350.0	2
22360.0	2
22370.0	1
22400.0	3
22410.0	1
22430.0	3
22440.0	4
22470.0	1
22480.0	4
22490.0	3
22500.0	3
22510.0	2
22520.0	2
22530.0	2
22540.0	1
22560.0	2
22570.0	1
22580.0	2
22590.0	2
22600.0	3
22610.0	2
22620.0	1
22630.0	4
22640.0	1
22650.0	1
22670.0	2
22690.0	2
22710.0	1
22720.0	1
22730.0	1
22740.0	3
22750.0	1
22760.0	1
22780.0	1
22790.0	3
22800.0	3
22810.0	2
22820.0	1
22840.0	5
22850.0	3
22860.0	2
22870.0	5
22890.0	2
22900.0	2
22910.0	2
22930.0	1
22940.0	4
22950.0	2
22960.0	2
22970.0	3
22990.0	3
23000.0	2
23020.0	2
23060.0	3
23070.0	1
23090.0	2
23110.0	1
23120.0	1
23130.0	4
23140.0	2
23150.0	3
23160.0	1
23170.0	1
23190.0	1
23210.0	2
23220.0	1
23230.0	3
23240.0	3
23250.0	1
23260.0	2
23270.0	1
23300.0	1
23320.0	2
23330.0	2
23360.0	3
23370.0	2
23380.0	1
23400.0	2
23410.0	1
23420.0	1
23430.0	3
23440.0	3
23450.0	1
23470.0	1
23480.0	2
23490.0	1
23500.0	2
23520.0	2
23540.0	2
23550.0	4
23560.0	2
23570.0	1
23590.0	2
23600.0	4
23620.0	1
23630.0	1
23640.0	2
23690.0	1
23710.0	3
23720.0	3
23730.0	1
23740.0	1
23760.0	2
23770.0	1
23790.0	4
23810.0	1
23830.0	2
23840.0	1
23850.0	5
23860.0	3
23870.0	2
23880.0	1
23890.0	1
23900.0	4
23920.0	3
23930.0	4
23940.0	2
23950.0	2
23960.0	2
23970.0	2
23980.0	2
23990.0	1
24000.0	1
24010.0	1
24030.0	2
24040.0	2
24050.0	2
24070.0	2
24090.0	1
24110.0	3
24120.0	3
24130.0	1
24140.0	1
24170.0	1
24180.0	2
24230.0	1
24250.0	3
24270.0	4
24280.0	1
24290.0	2
24320.0	1
24330.0	2
24340.0	1
24350.0	1
24360.0	1
24370.0	1
24380.0	1
24390.0	3
24400.0	1
24410.0	1
24420.0	1
24430.0	1
24450.0	3
24470.0	1
24480.0	1
24490.0	4
24500.0	1
24510.0	2
24520.0	2
24530.0	3
24540.0	2
24570.0	1
24580.0	2
24590.0	1
24600.0	1
24610.0	4
24620.0	2
24630.0	3
24640.0	2
24660.0	1
24670.0	2
24680.0	1
24690.0	1
24710.0	2
24740.0	1
24750.0	1
24770.0	4
24780.0	1
24790.0	4
24810.0	1
24820.0	1
24840.0	2
24850.0	1
24860.0	2
24870.0	1
24880.0	1
24890.0	1
24910.0	1
24940.0	3
24950.0	3
24960.0	3
24970.0	1
24980.0	2
24990.0	1
25000.0	1
25010.0	1
25030.0	2
25040.0	1
25050.0	2
25060.0	1
25090.0	2
25100.0	2
25120.0	3
25140.0	3
25150.0	2
25160.0	1
25170.0	3
25180.0	1
25190.0	1
25200.0	2
25220.0	3
25230.0	1
25240.0	3
25250.0	2
25260.0	1
25270.0	3
25280.0	2
25290.0	1
25300.0	6
25310.0	1
25320.0	3
25330.0	4
25350.0	2
25360.0	1
25370.0	2
25380.0	3
25390.0	1
25410.0	2
25420.0	2
25430.0	2
25440.0	1
25450.0	1
25460.0	1
25470.0	3
25500.0	2
25510.0	1
25520.0	1
25530.0	1
25550.0	2
25560.0	2
25570.0	2
25580.0	1
25590.0	1
25600.0	1
25640.0	1
25670.0	3
25680.0	1
25690.0	2
25710.0	2
25730.0	2
25740.0	3
25760.0	1
25770.0	3
25790.0	1
25810.0	3
25820.0	1
25830.0	1
25850.0	1
25860.0	1
25870.0	1
25880.0	3
25890.0	1
25900.0	1
25930.0	1
25940.0	1
25960.0	2
25990.0	1
26010.0	1
26020.0	2
26030.0	1
26040.0	2
26050.0	1
26060.0	1
26070.0	1
26080.0	4
26100.0	1
26120.0	2
26130.0	1
26140.0	1
26160.0	2
26170.0	1
26190.0	1
26200.0	1
26210.0	2
26230.0	2
26240.0	2
26260.0	1
26270.0	1
26280.0	2
26290.0	1
26300.0	2
26310.0	3
26320.0	1
26340.0	1
26360.0	1
26370.0	1
26380.0	1
26390.0	3
26400.0	1
26410.0	1
26420.0	1
26430.0	1
26440.0	1
26460.0	1
26490.0	3
26510.0	2
26520.0	2
26540.0	1
26550.0	1
26560.0	1
26570.0	1
26590.0	1
26600.0	1
26620.0	1
26630.0	2
26640.0	2
26660.0	1
26670.0	1
26680.0	1
26690.0	1
26700.0	2
26710.0	2
26720.0	2
26730.0	2
26750.0	3
26760.0	1
26770.0	2
26790.0	1
26800.0	1
26820.0	1
26830.0	2
26840.0	1
26860.0	3
26870.0	1
26880.0	1
26890.0	1
26900.0	1
26930.0	1
26940.0	1
26950.0	2
26980.0	1
26990.0	2
27000.0	1
27010.0	5
27020.0	1
27040.0	1
27070.0	1
27080.0	2
27130.0	1
27140.0	2
27160.0	1
27170.0	1
27190.0	1
27220.0	1
27240.0	1
27250.0	1
27260.0	1
27270.0	1
27280.0	2
27290.0	1
27300.0	3
27310.0	2
27350.0	1
27370.0	1
27410.0	1
27420.0	2
27440.0	1
27450.0	2
27470.0	2
27520.0	1
27540.0	1
27570.0	2
27580.0	1
27590.0	1
27600.0	2
27610.0	2
27620.0	1
27630.0	1
27640.0	2
27650.0	3
27660.0	2
27670.0	2
27690.0	1
27700.0	2
27720.0	2
27730.0	1
27780.0	1
27790.0	1
27800.0	1
27820.0	1
27850.0	1
27860.0	1
27870.0	1
27880.0	2
27890.0	2
27910.0	1
27920.0	2
27940.0	1
27950.0	3
27960.0	1
27970.0	1
27980.0	2
27990.0	2
28000.0	2
28020.0	1
28060.0	1
28080.0	1
28090.0	1
28100.0	1
28110.0	1
28120.0	2
28160.0	2
28210.0	2
28230.0	1
28240.0	2
28250.0	1
28260.0	1
28270.0	2
28280.0	1
28300.0	2
28310.0	1
28320.0	1
28330.0	2
28350.0	1
28360.0	1
28380.0	1
28390.0	1
28410.0	4
28430.0	1
28440.0	1
28450.0	1
28460.0	1
28470.0	1
28480.0	3
28490.0	1
28500.0	1
28510.0	1
28530.0	2
28540.0	2
28550.0	4
28570.0	1
28580.0	1
28610.0	1
28630.0	1
28660.0	2
28670.0	2
28680.0	1
28690.0	1
28710.0	1
28720.0	2
28730.0	1
28740.0	3
28750.0	1
28770.0	1
28790.0	1
28810.0	1
28840.0	1
28870.0	2
28880.0	2
28890.0	2
28900.0	2
28910.0	2
28920.0	1
28930.0	1
28940.0	2
28950.0	1
28960.0	2
28980.0	3
28990.0	1
29010.0	1
29020.0	2
29040.0	1
29050.0	1
29060.0	2
29080.0	2
29090.0	2
29110.0	3
29120.0	1
29150.0	2
29170.0	1
29180.0	1
29190.0	1
29200.0	1
29210.0	1
29220.0	2
29230.0	1
29240.0	1
29250.0	2
29280.0	1
29290.0	3
29300.0	1
29320.0	1
29340.0	1
29350.0	1
29360.0	1
29380.0	1
29390.0	1
29410.0	2
29420.0	1
29430.0	1
29490.0	1
29500.0	3
29510.0	2
29530.0	1
29550.0	2
29560.0	1
29580.0	1
29590.0	1
29600.0	1
29610.0	1
29620.0	1
29650.0	1
29660.0	1
29670.0	1
29680.0	1
29710.0	1
29720.0	1
29740.0	1
29750.0	1
29760.0	3
29770.0	1
29780.0	1
29810.0	2
29820.0	4
29830.0	1
29860.0	1
29870.0	1
29890.0	2
29930.0	1
29940.0	1
29950.0	1
29960.0	1
29970.0	2
29990.0	2
30020.0	3
30030.0	1
30040.0	1
30050.0	1
30060.0	1
30070.0	1
30080.0	1
30090.0	2
30100.0	2
30120.0	1
30130.0	2
30140.0	1
30150.0	1
30160.0	2
30170.0	3
30180.0	2
30200.0	2
30220.0	1
30230.0	3
30250.0	1
30260.0	4
30280.0	1
30300.0	3
30310.0	1
30320.0	1
30330.0	2
30340.0	3
30350.0	2
30360.0	1
30370.0	1
30380.0	1
30390.0	1
30410.0	1
30420.0	1
30430.0	1
30440.0	2
30490.0	1
30500.0	1
30520.0	2
30540.0	2
30560.0	1
30570.0	1
30580.0	1
30610.0	1
30620.0	1
30630.0	2
30650.0	3
30670.0	2
30680.0	1
30690.0	1
30730.0	2
30740.0	1
30750.0	1
30770.0	3
30780.0	2
30790.0	3
30800.0	1
30850.0	1
30880.0	1
30890.0	1
30900.0	1
30910.0	1
30920.0	3
30930.0	1
30940.0	1
30970.0	1
30980.0	1
30990.0	1
31000.0	2
31010.0	1
31060.0	2
31070.0	1
31080.0	2
31100.0	1
31110.0	1
31120.0	3
31130.0	1
31150.0	2
31160.0	1
31180.0	1
31190.0	1
31200.0	2
31220.0	1
31240.0	1
31250.0	1
31260.0	1
31280.0	1
31330.0	2
31340.0	1
31350.0	1
31360.0	1
31380.0	1
31400.0	1
31420.0	2
31430.0	1
31450.0	1
31470.0	1
31480.0	2
31490.0	3
31500.0	1
31510.0	2
31520.0	1
31540.0	1
31560.0	1
31590.0	2
31620.0	2
31650.0	1
31660.0	1
31680.0	1
31690.0	3
31730.0	2
31740.0	1
31750.0	1
31760.0	2
31770.0	1
31780.0	1
31790.0	1
31800.0	1
31830.0	1
31840.0	2
31850.0	1
31870.0	2
31880.0	1
31890.0	1
31900.0	1
31920.0	1
31960.0	3
31970.0	1
32000.0	1
32040.0	1
32050.0	1
32080.0	2
32100.0	3
32120.0	1
32130.0	1
32140.0	3
32180.0	1
32220.0	3
32230.0	1
32260.0	2
32270.0	1
32290.0	2
32310.0	2
32320.0	3
32340.0	1
32360.0	2
32380.0	2
32410.0	2
32420.0	1
32430.0	1
32440.0	2
32460.0	1
32470.0	1
32480.0	1
32490.0	1
32500.0	1
32510.0	2
32560.0	2
32570.0	1
32580.0	1
32590.0	1
32600.0	1
32630.0	1
32650.0	1
32660.0	1
32690.0	1
32710.0	1
32730.0	1
32750.0	1
32760.0	1
32770.0	2
32780.0	1
32790.0	2
32810.0	1
32860.0	1
32870.0	1
32880.0	1
32890.0	1
32910.0	1
32930.0	1
32940.0	1
32960.0	1
32970.0	2
33000.0	1
33030.0	3
33040.0	1
33050.0	1
33060.0	2
33070.0	1
33110.0	1
33120.0	1
33130.0	1
33140.0	1
33170.0	1
33180.0	1
33190.0	1
33240.0	2
33270.0	4
33280.0	1
33290.0	1
33320.0	2
33340.0	2
33350.0	2
33360.0	1
33390.0	1
33400.0	1
33410.0	1
33420.0	1
33430.0	2
33440.0	1
33450.0	1
33460.0	2
33500.0	1
33540.0	1
33560.0	1
33570.0	1
33600.0	1
33610.0	2
33630.0	1
33650.0	1
33670.0	3
33680.0	1
33690.0	1
33720.0	1
33740.0	2
33780.0	1
33800.0	1
33810.0	1
33820.0	2
33870.0	1
33900.0	1
33950.0	1
33970.0	1
33980.0	1
34010.0	3
34020.0	2
34040.0	1
34050.0	2
34090.0	1
34120.0	2
34130.0	1
34150.0	1
34170.0	2
34180.0	1
34190.0	1
34200.0	2
34230.0	1
34300.0	1
34330.0	2
34380.0	2
34390.0	1
34400.0	1
34420.0	1
34430.0	1
34440.0	1
34450.0	1
34460.0	2
34470.0	1
34490.0	2
34510.0	1
34530.0	1
34550.0	1
34560.0	1
34570.0	1
34620.0	3
34630.0	1
34670.0	2
34680.0	1
34690.0	1
34700.0	2
34710.0	3
34720.0	2
34730.0	1
34740.0	2
34750.0	2
34780.0	1
34800.0	1
34820.0	3
34830.0	1
34840.0	1
34850.0	3
34860.0	1
34880.0	2
34890.0	1
34910.0	1
34940.0	2
34990.0	1
35020.0	2
35040.0	1
35080.0	1
35110.0	4
35120.0	1
35190.0	1
35200.0	1
35210.0	4
35220.0	1
35250.0	2
35260.0	1
35280.0	1
35290.0	2
35300.0	1
35310.0	1
35320.0	1
35370.0	1
35380.0	1
35390.0	1
35400.0	1
35410.0	2
35450.0	2
35470.0	1
35490.0	1
35500.0	1
35520.0	1
35530.0	2
35540.0	1
35550.0	1
35560.0	1
35580.0	1
35600.0	1
35610.0	1
35650.0	1
35700.0	1
35710.0	2
35740.0	1
35750.0	2
35760.0	2
35770.0	1
35810.0	4
35820.0	3
35830.0	2
35850.0	1
35870.0	1
35900.0	2
35910.0	3
35920.0	1
35930.0	1
35940.0	1
35950.0	1
35960.0	1
35970.0	1
36000.0	1
36010.0	1
36030.0	1
36070.0	2
36090.0	1
36120.0	1
36130.0	1
36150.0	1
36190.0	1
36230.0	1
36250.0	1
36270.0	1
36280.0	2
36300.0	1
36310.0	1
36320.0	2
36360.0	2
36410.0	1
36460.0	1
36500.0	1
36510.0	1
36520.0	1
36560.0	1
36590.0	2
36600.0	1
36620.0	1
36630.0	1
36640.0	1
36660.0	1
36670.0	1
36700.0	2
36740.0	2
36780.0	1
36810.0	3
36830.0	1
36850.0	3
36870.0	4
36890.0	2
36900.0	2
36940.0	1
37020.0	1
37030.0	1
37050.0	1
37070.0	1
37080.0	1
37100.0	1
37110.0	3
37140.0	1
37170.0	1
37190.0	1
37210.0	1
37220.0	1
37230.0	2
37240.0	1
37250.0	3
37270.0	2
37290.0	2
37340.0	1
37350.0	1
37390.0	1
37410.0	1
37430.0	2
37440.0	1
37450.0	1
37500.0	1
37550.0	3
37570.0	1
37600.0	1
37620.0	1
37630.0	1
37650.0	1
37690.0	2
37700.0	1
37710.0	1
37750.0	1
37800.0	1
37830.0	1
37840.0	1
37880.0	2
37900.0	1
37910.0	1
37960.0	1
37970.0	2
37990.0	2
38020.0	1
38040.0	2
38050.0	1
38140.0	2
38150.0	2
38170.0	1
38180.0	1
38190.0	1
38220.0	1
38230.0	1
38270.0	1
38290.0	1
38320.0	1
38330.0	2
38340.0	2
38350.0	1
38360.0	1
38420.0	1
38470.0	1
38480.0	1
38500.0	1
38530.0	2
38550.0	1
38590.0	2
38640.0	1
38650.0	1
38670.0	1
38680.0	1
38710.0	1
38740.0	1
38750.0	1
38760.0	1
38770.0	1
38780.0	3
38850.0	1
38870.0	1
38890.0	1
38990.0	2
39020.0	1
39030.0	3
39040.0	1
39050.0	2
39090.0	1
39110.0	1
39120.0	2
39150.0	1
39180.0	2
39190.0	1
39260.0	1
39270.0	3
39280.0	2
39290.0	1
39340.0	3
39380.0	1
39400.0	1
39470.0	1
39480.0	1
39520.0	1
39530.0	1
39580.0	1
39600.0	2
39640.0	1
39650.0	1
39660.0	1
39670.0	1
39680.0	1
39690.0	1
39700.0	2
39720.0	1
39730.0	2
39750.0	2
39770.0	1
39810.0	1
39850.0	1
39870.0	1
39880.0	1
39910.0	2
39920.0	1
39930.0	1
39950.0	2
39960.0	2
39980.0	2
40000.0	1
40020.0	3
40030.0	1
40040.0	1
40050.0	1
40070.0	1
40080.0	1
40090.0	2
40100.0	1
40120.0	1
40140.0	1
40180.0	2
40300.0	1
40320.0	1
40370.0	1
40380.0	1
40390.0	1
40400.0	1
40440.0	1
40470.0	1
40480.0	1
40490.0	1
40580.0	2
40590.0	1
40640.0	2
40660.0	2
40730.0	1
40790.0	1
40810.0	1
40820.0	1
40860.0	1
40870.0	1
40880.0	1
40940.0	1
40950.0	2
40970.0	1
40980.0	1
40990.0	1
41000.0	1
41010.0	1
41020.0	1
41030.0	2
41050.0	1
41070.0	1
41100.0	3
41110.0	1
41160.0	2
41180.0	2
41260.0	1
41270.0	1
41280.0	1
41310.0	2
41340.0	1
41370.0	1
41420.0	3
41440.0	1
41450.0	2
41500.0	1
41550.0	1
41570.0	1
41580.0	2
41630.0	3
41660.0	1
41680.0	1
41710.0	1
41720.0	1
41790.0	1
41800.0	1
41830.0	1
41880.0	1
41890.0	1
41960.0	1
41970.0	1
41980.0	1
42030.0	1
42050.0	3
42110.0	1
42140.0	1
42150.0	1
42160.0	2
42190.0	1
42220.0	1
42230.0	1
42240.0	2
42300.0	1
42320.0	1
42330.0	1
42350.0	1
42400.0	1
42410.0	1
42420.0	1
42460.0	1
42490.0	1
42500.0	1
42590.0	1
42620.0	2
42630.0	1
42640.0	1
42690.0	1
42700.0	1
42710.0	1
42750.0	1
42780.0	1
42800.0	2
42820.0	2
42840.0	2
42860.0	2
42890.0	1
42910.0	3
42940.0	1
42950.0	1
43010.0	1
43020.0	1
43030.0	1
43050.0	1
43080.0	1
43130.0	1
43170.0	1
43180.0	1
43210.0	1
43220.0	1
43240.0	1
43250.0	2
43280.0	1
43300.0	2
43310.0	1
43340.0	1
43350.0	2
43400.0	1
43440.0	1
43450.0	1
43530.0	1
43550.0	1
43580.0	1
43590.0	2
43630.0	2
43650.0	1
43670.0	1
43710.0	1
43740.0	1
43760.0	1
43810.0	1
43820.0	1
43830.0	2
43850.0	1
43880.0	1
43920.0	1
43970.0	2
44000.0	1
44010.0	1
44050.0	1
44060.0	1
44080.0	1
44110.0	1
44130.0	1
44150.0	2
44160.0	2
44190.0	1
44250.0	1
44260.0	1
44280.0	1
44340.0	2
44350.0	1
44360.0	1
44380.0	2
44400.0	1
44410.0	1
44450.0	1
44470.0	1
44480.0	2
44500.0	1
44530.0	1
44540.0	1
44570.0	1
44580.0	2
44600.0	3
44610.0	2
44660.0	2
44670.0	1
44720.0	1
44750.0	1
44850.0	1
44860.0	2
44890.0	1
44900.0	2
44910.0	1
44920.0	1
44930.0	1
44940.0	1
44960.0	1
45040.0	1
45100.0	1
45110.0	1
45140.0	1
45170.0	1
45200.0	4
45220.0	1
45240.0	1
45260.0	1
45280.0	1
45340.0	1
45370.0	1
45410.0	1
45450.0	1
45480.0	1
45520.0	1
45560.0	1
45570.0	1
45580.0	1
45620.0	1
45630.0	1
45650.0	1
45690.0	2
45700.0	1
45710.0	2
45720.0	1
45770.0	1
45790.0	1
45810.0	1
45820.0	1
45880.0	1
45940.0	1
45980.0	1
46030.0	1
46040.0	4
46070.0	1
46200.0	2
46230.0	1
46260.0	1
46280.0	1
46300.0	1
46330.0	1
46400.0	1
46410.0	1
46440.0	1
46480.0	1
46500.0	1
46520.0	2
46600.0	1
46640.0	1
46650.0	1
46710.0	1
46730.0	1
46750.0	1
46790.0	1
46870.0	1
46880.0	1
46890.0	1
46940.0	1
47000.0	2
47040.0	1
47120.0	1
47150.0	1
47170.0	1
47190.0	1
47210.0	1
47220.0	1
47260.0	2
47340.0	1
47370.0	1
47420.0	2
47460.0	1
47490.0	2
47560.0	3
47570.0	2
47600.0	1
47630.0	1
47640.0	1
47660.0	3
47680.0	1
47700.0	1
47710.0	1
47760.0	1
47810.0	1
47850.0	1
47930.0	1
47950.0	1
48040.0	3
48060.0	1
48070.0	1
48110.0	1
48180.0	1
48210.0	1
48270.0	1
48300.0	1
48320.0	1
48330.0	1
48350.0	3
48380.0	2
48390.0	1
48400.0	1
48420.0	1
48440.0	2
48450.0	1
48560.0	1
48620.0	1
48640.0	2
48740.0	1
48750.0	1
48820.0	1
48890.0	1
48910.0	2
48960.0	1
48970.0	1
49020.0	1
49060.0	1
49070.0	1
49100.0	1
49120.0	1
49180.0	1
49240.0	1
49260.0	1
49270.0	1
49280.0	1
49360.0	1
49370.0	1
49380.0	1
49400.0	1
49450.0	1
49490.0	1
49540.0	1
49670.0	1
49700.0	1
49720.0	1
49740.0	1
49760.0	1
49790.0	2
49800.0	1
49850.0	1
49880.0	1
49920.0	1
49940.0	1
49960.0	1
49970.0	1
50000.0	2
50010.0	1
50020.0	1
50030.0	1
50040.0	3
50060.0	1
50070.0	1
50080.0	2
50090.0	1
50120.0	1
50140.0	1
50160.0	2
50190.0	2
50220.0	1
50230.0	2
50250.0	2
50280.0	2
50300.0	1
50340.0	1
50420.0	1
50450.0	1
50500.0	1
50510.0	1
50520.0	2
50540.0	1
50560.0	1
50610.0	1
50630.0	1
50650.0	1
50660.0	1
50670.0	1
50690.0	2
50700.0	1
50740.0	1
50810.0	1
50840.0	1
50880.0	1
50890.0	1
50910.0	1
50930.0	1
50980.0	1
51000.0	1
51090.0	2
51100.0	2
51110.0	1
51120.0	3
51130.0	1
51200.0	1
51250.0	3
51270.0	1
51280.0	2
51310.0	1
51320.0	1
51350.0	1
51380.0	1
51420.0	2
51450.0	1
51540.0	1
51670.0	1
51780.0	1
51800.0	1
51820.0	2
51830.0	1
51840.0	1
51900.0	2
51920.0	1
51960.0	1
51980.0	1
52060.0	1
52080.0	1
52110.0	1
52140.0	1
52200.0	1
52230.0	2
52270.0	1
52280.0	2
52290.0	1
52300.0	1
52350.0	1
52370.0	1
52420.0	1
52460.0	1
52490.0	2
52520.0	2
52530.0	1
52540.0	1
52550.0	1
52580.0	1
52590.0	1
52630.0	1
52660.0	3
52690.0	2
52760.0	1
52780.0	1
52850.0	1
52870.0	1
52890.0	1
52930.0	1
52950.0	1
53010.0	1
53050.0	1
53070.0	1
53080.0	1
53090.0	1
53160.0	1
53250.0	1
53340.0	1
53360.0	1
53370.0	1
53380.0	2
53390.0	1
53410.0	2
53440.0	1
53460.0	1
53520.0	2
53590.0	1
53610.0	1
53630.0	1
53640.0	1
53770.0	2
53810.0	1
53830.0	1
53850.0	2
53880.0	1
53920.0	1
53960.0	1
53970.0	1
54010.0	1
54070.0	1
54170.0	1
54180.0	1
54230.0	1
54240.0	1
54300.0	1
54320.0	2
54370.0	1
54380.0	1
54430.0	2
54450.0	1
54490.0	1
54540.0	1
54590.0	1
54640.0	1
54660.0	1
54670.0	1
54690.0	1
54710.0	1
54750.0	1
54780.0	1
54800.0	1
54830.0	1
54850.0	1
54870.0	1
54890.0	1
54930.0	1
54970.0	1
54980.0	1
55050.0	1
55090.0	1
55150.0	1
55190.0	1
55200.0	1
55210.0	1
55240.0	2
55300.0	1
55380.0	1
55400.0	1
55420.0	1
55430.0	1
55440.0	1
55490.0	1
55590.0	1
55630.0	1
55640.0	1
55660.0	1
55730.0	1
55740.0	2
55780.0	1
55790.0	1
55820.0	1
55960.0	2
56000.0	1
56050.0	1
56090.0	1
56180.0	1
56210.0	1
56220.0	1
56310.0	1
56360.0	1
56420.0	1
56450.0	1
56550.0	1
56580.0	1
56620.0	1
56640.0	1
56690.0	1
56750.0	1
56770.0	2
56820.0	1
56890.0	1
56940.0	3
57080.0	1
57140.0	1
57160.0	1
57190.0	1
57240.0	1
57350.0	1
57410.0	1
57420.0	1
57440.0	1
57480.0	2
57510.0	2
57590.0	1
57600.0	1
57680.0	1
57730.0	2
57750.0	1
57810.0	1
57840.0	1
57850.0	1
57870.0	1
57880.0	1
57890.0	1
57990.0	1
58040.0	1
58110.0	2
58150.0	1
58170.0	1
58220.0	2
58240.0	1
58250.0	1
58390.0	1
58430.0	1
58460.0	1
58540.0	1
58550.0	1
58570.0	1
58590.0	1
58620.0	2
58640.0	2
58660.0	1
58710.0	1
58720.0	1
58750.0	1
58800.0	1
58880.0	1
59040.0	1
59060.0	1
59440.0	1
59450.0	2
59490.0	1
59510.0	1
59560.0	1
59660.0	1
59710.0	2
59730.0	1
59760.0	2
59780.0	1
59830.0	2
59850.0	1
59870.0	1
59920.0	2
59960.0	1
59970.0	1
60000.0	1
60020.0	1
60100.0	1
60210.0	1
60220.0	1
60310.0	2
60350.0	1
60400.0	1
60420.0	1
60460.0	1
60500.0	1
60530.0	1
60540.0	1
60580.0	1
60640.0	1
60660.0	1
60690.0	1
60700.0	1
60710.0	1
60720.0	1
60750.0	1
60760.0	1
60790.0	1
60860.0	1
60920.0	1
60940.0	1
60970.0	1
61030.0	1
61060.0	1
61110.0	1
61170.0	1
61180.0	1
61220.0	1
61450.0	1
61480.0	1
61490.0	1
61520.0	1
61570.0	1
61650.0	1
61890.0	1
62010.0	1
62060.0	1
62360.0	1
62490.0	1
62510.0	2
62570.0	1
62630.0	1
62720.0	1
62810.0	1
62830.0	1
62880.0	1
62890.0	1
62920.0	1
62930.0	2
63020.0	1
63090.0	1
63100.0	1
63280.0	1
63470.0	1
63580.0	1
63620.0	2
63630.0	1
63650.0	1
63940.0	1
64010.0	1
64030.0	1
64060.0	2
64070.0	1
64090.0	2
64110.0	1
64160.0	1
64270.0	1
64330.0	1
64340.0	2
64350.0	1
64420.0	1
64450.0	1
64480.0	1
64590.0	1
64650.0	1
64910.0	1
64960.0	1
65100.0	1
65350.0	1
65360.0	1
65370.0	1
65490.0	1
65620.0	1
65830.0	1
65950.0	1
65990.0	1
66100.0	1
66290.0	1
66340.0	1
66370.0	1
66380.0	1
66580.0	1
66610.0	1
66620.0	1
66670.0	1
66680.0	1
66810.0	1
66900.0	1
66930.0	1
66960.0	1
67020.0	1
67050.0	1
67090.0	1
67100.0	1
67110.0	1
67120.0	1
67240.0	2
67250.0	1
67270.0	2
67320.0	1
67340.0	2
67390.0	1
67400.0	1
67440.0	1
67680.0	1
67730.0	1
67780.0	1
67800.0	1
67810.0	1
67820.0	1
67830.0	1
67890.0	1
67960.0	2
67990.0	1
68160.0	1
68180.0	1
68210.0	1
68330.0	1
68350.0	1
68400.0	1
68540.0	1
68640.0	1
68650.0	1
68660.0	1
68730.0	1
68750.0	1
68760.0	1
68780.0	1
68850.0	1
69230.0	1
69280.0	1
69350.0	1
69430.0	1
69490.0	1
69570.0	1
69660.0	1
69680.0	1
69690.0	1
69800.0	1
69880.0	1
69890.0	1
69920.0	1
69980.0	1
70030.0	1
70070.0	2
70100.0	1
70140.0	1
70170.0	1
70210.0	1
70340.0	1
70380.0	1
70470.0	1
70500.0	2
70510.0	1
70560.0	1
70600.0	1
70650.0	1
70660.0	2
70670.0	1
70750.0	2
70860.0	2
70940.0	1
71150.0	1
71380.0	1
71440.0	1
71480.0	2
71500.0	1
71550.0	1
71640.0	1
71930.0	1
71990.0	1
72150.0	1
72360.0	2
72410.0	1
72420.0	1
72480.0	1
72550.0	1
72730.0	1
72800.0	1
72840.0	1
72870.0	1
72970.0	1
73010.0	1
73040.0	1
73060.0	1
73070.0	1
73080.0	1
73110.0	1
73170.0	1
73220.0	1
73230.0	2
73320.0	1
74020.0	1
74170.0	1
74240.0	1
74350.0	1
74450.0	1
74470.0	1
74600.0	1
74670.0	1
74710.0	1
74770.0	1
74940.0	1
74960.0	1
74990.0	1
75030.0	1
75040.0	1
75080.0	1
75100.0	1
75110.0	1
75220.0	1
75290.0	1
75360.0	1
75370.0	1
75380.0	1
75390.0	1
75400.0	1
75410.0	1
75460.0	2
75470.0	1
75550.0	1
75640.0	1
75790.0	1
75800.0	2
75910.0	1
75920.0	2
75940.0	1
76010.0	1
76020.0	1
76110.0	1
76230.0	1
76250.0	1
76260.0	1
76350.0	1
76540.0	1
76560.0	1
76590.0	2
76770.0	1
76800.0	1
76820.0	1
76940.0	1
76960.0	1
76990.0	1
77010.0	1
77100.0	1
77320.0	1
77350.0	1
77400.0	1
77510.0	1
77580.0	1
77700.0	1
77710.0	1
77820.0	2
77920.0	1
77970.0	1
78070.0	1
78090.0	1
78140.0	1
78300.0	1
78310.0	1
78320.0	1
78340.0	1
78470.0	1
78550.0	1
78820.0	1
78870.0	1
79120.0	1
79140.0	1
79260.0	1
79280.0	1
79470.0	1
79500.0	1
79570.0	2
79660.0	1
79680.0	1
79730.0	2
79740.0	1
79880.0	1
80060.0	1
80110.0	1
80120.0	1
80130.0	1
80150.0	1
80200.0	1
80240.0	1
80260.0	1
80310.0	1
80350.0	1
80570.0	1
80640.0	1
80670.0	2
80690.0	1
80920.0	1
81090.0	1
81320.0	1
81360.0	1
81410.0	1
81540.0	1
81670.0	1
81700.0	1
81710.0	1
81740.0	1
81780.0	1
81800.0	1
81880.0	1
82070.0	1
82250.0	1
82290.0	1
82360.0	1
82440.0	2
82570.0	1
82580.0	1
82670.0	1
82680.0	1
82710.0	1
82860.0	1
82900.0	1
83040.0	1
83080.0	1
83270.0	1
83420.0	1
83510.0	1
83580.0	1
83630.0	1
83660.0	1
83780.0	1
83870.0	1
84100.0	1
84400.0	1
84460.0	1
84700.0	1
84740.0	1
84840.0	2
85030.0	1
85440.0	1
85910.0	1
85930.0	1
85970.0	1
86000.0	1
86100.0	1
86170.0	1
86190.0	1
86450.0	1
86510.0	1
86580.0	1
86680.0	1
86740.0	1
86760.0	2
86870.0	1
87010.0	1
87120.0	1
87140.0	1
87310.0	1
87420.0	1
87460.0	1
87520.0	1
87630.0	1
87700.0	1
88000.0	1
88220.0	1
88700.0	1
88730.0	1
89060.0	1
89080.0	1
89090.0	1
89120.0	1
89250.0	1
89260.0	1
89350.0	1
89670.0	2
89890.0	1
89910.0	1
90190.0	1
90210.0	1
90230.0	1
90250.0	1
90290.0	1
90410.0	1
90450.0	1
90520.0	1
90570.0	1
90620.0	1
90720.0	1
90870.0	1
91200.0	1
91280.0	1
91330.0	1
91900.0	1
91980.0	1
92070.0	1
92080.0	1
92190.0	1
92310.0	1
92490.0	1
92570.0	1
92740.0	1
92930.0	1
92960.0	1
93010.0	1
93030.0	1
93150.0	1
93240.0	1
93270.0	1
93320.0	1
93410.0	1
93520.0	1
93560.0	1
93700.0	1
93730.0	1
93870.0	1
93960.0	1
94080.0	1
94100.0	1
94220.0	1
94290.0	1
94670.0	2
94700.0	1
94790.0	1
94920.0	1
95380.0	1
95420.0	1
95730.0	1
95870.0	1
95880.0	1
95970.0	1
96020.0	1
96120.0	1
96150.0	1
96180.0	1
96220.0	1
96230.0	1
96250.0	1
96280.0	1
96360.0	1
96410.0	1
96430.0	1
96490.0	1
96560.0	1
96790.0	1
96850.0	1
96990.0	1
97090.0	1
97100.0	1
97200.0	1
97220.0	1
97380.0	1
97640.0	1
97880.0	1
98020.0	1
98030.0	1
98250.0	1
98280.0	1
98370.0	1
98470.0	1
98560.0	1
99000.0	1
99060.0	2
99150.0	1
99160.0	1
99210.0	1
99230.0	1
99350.0	1
99760.0	1
99770.0	1
99860.0	1
100020.0	1
100030.0	1
100080.0	1
100100.0	1
100110.0	1
100130.0	2
100150.0	2
100230.0	1
100250.0	1
100310.0	1
100360.0	1
100400.0	1
100470.0	1
100640.0	1
101060.0	1
101180.0	2
101370.0	1
101610.0	1
101630.0	1
102040.0	1
102200.0	1
102250.0	1
102510.0	1
102650.0	1
103320.0	1
103650.0	1
103820.0	1
103900.0	1
103990.0	1
104040.0	1
104080.0	1
104140.0	1
104380.0	1
104620.0	1
104810.0	1
104880.0	1
105160.0	1
105180.0	1
105240.0	1
105650.0	1
105780.0	1
105850.0	1
106000.0	1
106020.0	1
106140.0	1
106170.0	1
106250.0	1
106270.0	1
106360.0	1
106660.0	1
106750.0	1
106870.0	1
107030.0	2
107200.0	1
107370.0	1
107800.0	1
107960.0	1
108370.0	1
108770.0	1
108890.0	1
109160.0	1
109300.0	1
109430.0	1
109470.0	1
109520.0	1
109530.0	1
110280.0	1
110390.0	1
110410.0	1
110630.0	1
110720.0	1
110780.0	1
110950.0	1
110990.0	2
111070.0	1
111550.0	1
111570.0	1
111630.0	1
111770.0	1
111840.0	1
111910.0	1
112030.0	1
112570.0	1
112680.0	1
112970.0	1
112990.0	1
113190.0	1
113210.0	1
113340.0	1
113450.0	1
113710.0	1
113720.0	1
113780.0	1
113950.0	1
113960.0	1
114580.0	1
114820.0	1
115140.0	1
115180.0	1
115190.0	1
115240.0	1
115550.0	1
115820.0	2
115900.0	1
115930.0	1
116250.0	1
116390.0	1
116520.0	1
116570.0	1
116580.0	1
116590.0	1
116630.0	1
116900.0	1
117020.0	1
117560.0	1
117580.0	1
117600.0	2
117840.0	1
118150.0	1
118180.0	1
118380.0	1
119000.0	1
119210.0	1
119520.0	1
119550.0	1
119860.0	1
120040.0	1
120250.0	1
120690.0	1
120760.0	1
120820.0	1
121380.0	1
121950.0	1
122300.0	1
122710.0	1
122820.0	1
123010.0	1
123160.0	1
123280.0	1
123710.0	1
124230.0	1
124620.0	1
124630.0	1
124870.0	1
125030.0	1
125150.0	1
125200.0	1
125240.0	1
125280.0	1
125370.0	1
125450.0	1
126170.0	1
126320.0	1
128040.0	1
128320.0	1
128380.0	1
128790.0	1
128810.0	1
129330.0	1
129370.0	1
129570.0	1
129780.0	1
130020.0	1
130560.0	1
131010.0	1
131150.0	1
131380.0	1
131560.0	1
131600.0	1
132090.0	1
132470.0	1
132580.0	1
133090.0	1
133420.0	1
133840.0	1
134060.0	1
134310.0	1
134480.0	1
136140.0	1
137370.0	2
137440.0	1
138210.0	1
138260.0	1
138550.0	1
138590.0	1
139080.0	1
139170.0	1
139510.0	1
139910.0	1
139970.0	1
140010.0	1
140200.0	1
140770.0	1
140860.0	1
141250.0	1
142000.0	1
142060.0	1
143330.0	1
143550.0	1
143630.0	1
144390.0	1
144720.0	1
145560.0	1
145720.0	1
145980.0	1
146390.0	1
146410.0	1
146690.0	1
146940.0	1
147040.0	1
147570.0	1
147810.0	1
148390.0	1
149130.0	1
149340.0	1
150060.0	1
150080.0	1
150100.0	1
150170.0	1
150340.0	1
150610.0	2
150900.0	1
151110.0	1
151190.0	1
151550.0	1
152170.0	1
152260.0	1
152510.0	1
152550.0	1
153480.0	1
154340.0	1
154350.0	1
154780.0	1
154950.0	1
155010.0	1
155040.0	1
155500.0	1
156660.0	1
156920.0	1
157560.0	1
158220.0	1
158260.0	1
158530.0	1
158620.0	1
158630.0	1
158760.0	1
158870.0	1
159790.0	1
159910.0	1
161480.0	1
161810.0	1
162620.0	1
163080.0	1
163150.0	1
163190.0	1
164580.0	1
164730.0	1
164970.0	1
165110.0	1
165260.0	1
165450.0	1
166300.0	1
166550.0	1
167850.0	1
170180.0	1
170250.0	1
170750.0	1
173200.0	1
173260.0	1
174440.0	1
175940.0	1
177330.0	1
177880.0	1
179660.0	1
180100.0	1
180610.0	1
181050.0	1
181320.0	1
182590.0	1
182730.0	1
183530.0	1
183930.0	1
185630.0	1
185940.0	1
186680.0	1
187950.0	1
189130.0	1
189430.0	1
190280.0	1
190350.0	1
190560.0	1
190710.0	1
191560.0	1
193160.0	1
193210.0	1
193960.0	1
194290.0	1
195730.0	1
196060.0	1
196840.0	1
200130.0	1
200700.0	1
200900.0	1
200980.0	1
201260.0	1
201270.0	1
201470.0	1
202290.0	1
203790.0	1
204330.0	1
206090.0	1
206790.0	1
207140.0	1
208280.0	1
209190.0	1
210680.0	1
212040.0	1
212550.0	1
212560.0	1
212770.0	1
212790.0	1
213060.0	1
213500.0	1
213750.0	1
214050.0	1
215040.0	1
216320.0	1
217540.0	1
219100.0	2
219630.0	1
220080.0	1
221270.0	1
223540.0	1
223640.0	1
225050.0	1
226510.0	1
227220.0	1
228740.0	1
229670.0	1
229810.0	1
230000.0	1
230600.0	1
230790.0	1
233700.0	1
237240.0	1
245060.0	1
246150.0	1
247380.0	1
247490.0	1
248130.0	1
250030.0	1
250670.0	1
250910.0	1
252950.0	1
253140.0	1
253460.0	1
253490.0	1
254040.0	1
254880.0	1
255700.0	1
255940.0	1
257990.0	1
262760.0	1
263580.0	1
265690.0	1
268940.0	1
270380.0	1
271480.0	1
274000.0	1
275000.0	1
275490.0	1
284730.0	1
285050.0	1
285810.0	1
286340.0	1
289650.0	1
292920.0	1
295600.0	1
296770.0	1
297950.0	1
300230.0	1
300450.0	1
301660.0	1
302020.0	1
305770.0	1
306070.0	1
308870.0	1
312680.0	1
313590.0	1
317080.0	1
323650.0	1
329950.0	1
332550.0	1
333480.0	1
334900.0	1
339100.0	1
340920.0	1
343130.0	1
349040.0	1
351770.0	1
355140.0	1
356080.0	1
362450.0	1
362530.0	1
368620.0	1
369140.0	1
373180.0	1
378340.0	1
379010.0	1
379790.0	1
384200.0	1
384390.0	1
388560.0	1
396990.0	1
397840.0	1
399530.0	1
408370.0	1
409390.0	1
417990.0	1
424200.0	1
425920.0	1
433560.0	1
436620.0	1
441810.0	1
448630.0	1
449790.0	1
451590.0	1
465880.0	1
474510.0	1
483420.0	1
483600.0	1
487930.0	1
500060.0	1
509230.0	1
510980.0	1
511790.0	1
513550.0	1
523280.0	1
536090.0	1
536840.0	1
552530.0	1
553490.0	1
555660.0	1
556330.0	1
559080.0	1
561440.0	1
575130.0	1
580880.0	1
581070.0	1
584500.0	1
604990.0	1
610400.0	1
631090.0	1
633620.0	1
634990.0	1
637400.0	1
643350.0	1
704350.0	1
755040.0	1
758190.0	1
764480.0	1
770660.0	1
772580.0	1
794640.0	1
822710.0	1
871320.0	1
891790.0	1
911740.0	1
941420.0	1
1012360.0	1
1017730.0	1
1021280.0	1
1097300.0	1
1105600.0	1
1115160.0	1
1185830.0	1
1231550.0	1
1252970.0	1
1303530.0	1
1322240.0	1
1372810.0	1
1388150.0	1
1489670.0	1
1570550.0	1
1571970.0	1
1635920.0	1
1764700.0	1
1842510.0	1
2316020.0	1
2677410.0	1
2730230.0	1
3317740.0	1
3335360.0	1
3932900.0	1
3994020.0	1
4178710.0	1
4407910.0	1
11563590.0	1
79774910.0	1
