# TotalOfPaymentsDollars   RatioCompaniesMaking>=ThatMuchInTotalPayments
0.0	1.0
10.0	0.995594713656
20.0	0.989427312775
30.0	0.9859030837
40.0	0.980616740088
50.0	0.977973568282
60.0	0.976211453744
70.0	0.974449339207
80.0	0.971806167401
90.0	0.969162995595
100.0	0.966519823789
130.0	0.963876651982
140.0	0.962114537445
150.0	0.959471365639
160.0	0.956828193833
170.0	0.955947136564
200.0	0.955066079295
210.0	0.950660792952
220.0	0.949779735683
230.0	0.947136563877
240.0	0.946255506608
250.0	0.94449339207
260.0	0.943612334802
270.0	0.942731277533
280.0	0.941850220264
320.0	0.940969162996
330.0	0.940088105727
340.0	0.939207048458
370.0	0.938325991189
380.0	0.937444933921
460.0	0.934801762115
480.0	0.933920704846
490.0	0.932158590308
500.0	0.93127753304
530.0	0.929515418502
550.0	0.928634361233
560.0	0.927753303965
590.0	0.926872246696
600.0	0.925991189427
610.0	0.925110132159
630.0	0.92422907489
680.0	0.921585903084
700.0	0.919823788546
720.0	0.918942731278
780.0	0.918061674009
790.0	0.914537444934
810.0	0.912775330396
840.0	0.911894273128
890.0	0.911013215859
920.0	0.909251101322
930.0	0.908370044053
980.0	0.907488986784
990.0	0.906607929515
1000.0	0.903964757709
1010.0	0.901321585903
1040.0	0.900440528634
1050.0	0.899559471366
1060.0	0.898678414097
1070.0	0.897797356828
1080.0	0.896916299559
1090.0	0.896035242291
1150.0	0.895154185022
1210.0	0.894273127753
1230.0	0.893392070485
1250.0	0.891629955947
1260.0	0.88986784141
1290.0	0.888986784141
1330.0	0.888105726872
1350.0	0.886343612335
1360.0	0.885462555066
1390.0	0.884581497797
1410.0	0.883700440529
1440.0	0.88281938326
1480.0	0.881938325991
1500.0	0.881057268722
1510.0	0.880176211454
1530.0	0.879295154185
1540.0	0.878414096916
1560.0	0.877533039648
1600.0	0.87577092511
1610.0	0.874889867841
1620.0	0.874008810573
1630.0	0.873127753304
1640.0	0.872246696035
1660.0	0.871365638767
1710.0	0.870484581498
1720.0	0.869603524229
1730.0	0.86872246696
1760.0	0.867841409692
1790.0	0.866960352423
1800.0	0.865198237885
1820.0	0.864317180617
1850.0	0.863436123348
1870.0	0.862555066079
1920.0	0.861674008811
1940.0	0.860792951542
1980.0	0.859911894273
2000.0	0.859030837004
2040.0	0.857268722467
2050.0	0.856387665198
2080.0	0.85550660793
2100.0	0.854625550661
2200.0	0.853744493392
2270.0	0.852863436123
2290.0	0.851982378855
2360.0	0.851101321586
2370.0	0.850220264317
2410.0	0.849339207048
2420.0	0.84845814978
2450.0	0.847577092511
2460.0	0.846696035242
2480.0	0.845814977974
2490.0	0.844933920705
2500.0	0.844052863436
2510.0	0.843171806167
2570.0	0.842290748899
2590.0	0.84140969163
2600.0	0.840528634361
2630.0	0.839647577093
2660.0	0.837885462555
2670.0	0.837004405286
2710.0	0.836123348018
2790.0	0.835242290749
2800.0	0.83436123348
2880.0	0.833480176211
2920.0	0.832599118943
2950.0	0.830837004405
3020.0	0.829955947137
3030.0	0.829074889868
3040.0	0.828193832599
3070.0	0.82731277533
3090.0	0.826431718062
3140.0	0.825550660793
3250.0	0.824669603524
3330.0	0.822907488987
3350.0	0.821145374449
3400.0	0.820264317181
3410.0	0.819383259912
3420.0	0.818502202643
3440.0	0.817621145374
3450.0	0.815859030837
3490.0	0.814977973568
3500.0	0.8140969163
3520.0	0.813215859031
3630.0	0.811453744493
3660.0	0.810572687225
3700.0	0.809691629956
3780.0	0.808810572687
3900.0	0.807929515419
3930.0	0.80704845815
3960.0	0.806167400881
3980.0	0.805286343612
4110.0	0.804405286344
4230.0	0.803524229075
4260.0	0.802643171806
4280.0	0.801762114537
4380.0	0.800881057269
4430.0	0.8
4470.0	0.799118942731
4500.0	0.798237885463
4690.0	0.797356828194
4720.0	0.796475770925
4770.0	0.795594713656
4840.0	0.794713656388
4860.0	0.793832599119
4900.0	0.79295154185
5000.0	0.792070484581
5020.0	0.789427312775
5170.0	0.788546255507
5210.0	0.787665198238
5300.0	0.786784140969
5440.0	0.7859030837
5490.0	0.785022026432
5500.0	0.784140969163
5510.0	0.783259911894
5650.0	0.781497797357
5660.0	0.780616740088
5670.0	0.778854625551
5860.0	0.777973568282
5930.0	0.777092511013
5950.0	0.776211453744
5970.0	0.775330396476
5980.0	0.774449339207
6000.0	0.773568281938
6070.0	0.77268722467
6190.0	0.771806167401
6400.0	0.770925110132
6520.0	0.770044052863
6560.0	0.769162995595
6670.0	0.768281938326
6720.0	0.767400881057
6850.0	0.766519823789
6930.0	0.76563876652
6960.0	0.764757709251
7010.0	0.763876651982
7170.0	0.762995594714
7240.0	0.762114537445
7410.0	0.761233480176
7500.0	0.759471365639
7510.0	0.75859030837
7550.0	0.756828193833
7720.0	0.755947136564
7860.0	0.755066079295
7920.0	0.754185022026
7930.0	0.753303964758
7970.0	0.752422907489
8040.0	0.75154185022
8150.0	0.750660792952
8180.0	0.749779735683
8240.0	0.748898678414
8300.0	0.747136563877
8370.0	0.746255506608
8390.0	0.745374449339
8400.0	0.74449339207
8450.0	0.743612334802
8600.0	0.742731277533
8610.0	0.741850220264
8670.0	0.740088105727
8700.0	0.738325991189
8720.0	0.737444933921
8750.0	0.736563876652
8760.0	0.734801762115
8850.0	0.733920704846
9040.0	0.733039647577
9070.0	0.732158590308
9080.0	0.73127753304
9110.0	0.730396475771
9160.0	0.729515418502
9240.0	0.727753303965
9430.0	0.726872246696
9500.0	0.725991189427
9530.0	0.725110132159
9690.0	0.72422907489
9850.0	0.723348017621
9860.0	0.722466960352
9940.0	0.721585903084
9960.0	0.720704845815
10000.0	0.719823788546
10070.0	0.718942731278
10100.0	0.718061674009
10190.0	0.71718061674
10260.0	0.715418502203
10560.0	0.714537444934
10750.0	0.713656387665
10770.0	0.712775330396
11010.0	0.711894273128
11160.0	0.71013215859
11180.0	0.709251101322
11220.0	0.708370044053
11450.0	0.707488986784
11520.0	0.706607929515
11570.0	0.705726872247
11850.0	0.704845814978
11960.0	0.703964757709
12010.0	0.703083700441
12100.0	0.702202643172
12260.0	0.701321585903
12660.0	0.700440528634
12740.0	0.699559471366
12780.0	0.698678414097
12840.0	0.697797356828
12860.0	0.696916299559
12950.0	0.696035242291
13260.0	0.695154185022
13700.0	0.694273127753
13750.0	0.693392070485
13760.0	0.692511013216
13770.0	0.691629955947
13830.0	0.690748898678
13930.0	0.68986784141
14000.0	0.688986784141
14080.0	0.688105726872
14200.0	0.687224669604
14290.0	0.686343612335
14300.0	0.685462555066
14360.0	0.683700440529
14510.0	0.68281938326
14590.0	0.681938325991
14940.0	0.681057268722
14980.0	0.680176211454
15230.0	0.679295154185
15270.0	0.678414096916
15360.0	0.677533039648
15500.0	0.676651982379
15830.0	0.67577092511
15890.0	0.674889867841
15930.0	0.674008810573
15980.0	0.673127753304
16000.0	0.672246696035
16110.0	0.670484581498
16260.0	0.669603524229
16290.0	0.667841409692
16320.0	0.666960352423
16390.0	0.666079295154
16590.0	0.665198237885
16730.0	0.664317180617
16910.0	0.663436123348
16960.0	0.662555066079
17160.0	0.661674008811
17480.0	0.660792951542
17710.0	0.659911894273
18000.0	0.659030837004
18040.0	0.658149779736
18050.0	0.657268722467
18060.0	0.656387665198
18070.0	0.65550660793
18170.0	0.654625550661
18340.0	0.653744493392
18600.0	0.652863436123
18690.0	0.651982378855
18750.0	0.651101321586
18830.0	0.650220264317
19100.0	0.649339207048
19650.0	0.64845814978
19900.0	0.647577092511
19970.0	0.646696035242
20000.0	0.645814977974
20040.0	0.644933920705
20080.0	0.644052863436
20100.0	0.643171806167
20180.0	0.64140969163
20230.0	0.640528634361
20380.0	0.639647577093
20470.0	0.638766519824
20550.0	0.637885462555
20600.0	0.637004405286
20690.0	0.636123348018
20850.0	0.635242290749
21000.0	0.63436123348
21080.0	0.633480176211
21140.0	0.632599118943
21440.0	0.631718061674
21600.0	0.630837004405
21770.0	0.629955947137
21830.0	0.629074889868
21890.0	0.628193832599
22140.0	0.62731277533
22340.0	0.626431718062
22740.0	0.625550660793
23040.0	0.624669603524
23160.0	0.623788546256
23640.0	0.622026431718
23700.0	0.621145374449
23760.0	0.620264317181
24010.0	0.618502202643
24450.0	0.617621145374
24750.0	0.616740088106
24810.0	0.615859030837
24820.0	0.614977973568
24840.0	0.6140969163
24950.0	0.613215859031
24970.0	0.612334801762
25020.0	0.611453744493
25460.0	0.610572687225
25610.0	0.609691629956
25620.0	0.608810572687
25840.0	0.607929515419
26100.0	0.60704845815
26350.0	0.606167400881
26860.0	0.605286343612
27060.0	0.604405286344
27380.0	0.603524229075
27440.0	0.602643171806
27520.0	0.601762114537
27840.0	0.600881057269
28290.0	0.6
28500.0	0.599118942731
28600.0	0.598237885463
29010.0	0.597356828194
29200.0	0.596475770925
29630.0	0.595594713656
29950.0	0.594713656388
30000.0	0.593832599119
30100.0	0.592070484581
30200.0	0.591189427313
30220.0	0.590308370044
30370.0	0.589427312775
30550.0	0.588546255507
30610.0	0.587665198238
30840.0	0.586784140969
30950.0	0.5859030837
31380.0	0.585022026432
31440.0	0.584140969163
31690.0	0.583259911894
31920.0	0.582378854626
32150.0	0.581497797357
32270.0	0.580616740088
32350.0	0.579735682819
32410.0	0.578854625551
32670.0	0.577973568282
33100.0	0.577092511013
33220.0	0.576211453744
33300.0	0.575330396476
33400.0	0.574449339207
33430.0	0.573568281938
33630.0	0.57268722467
33670.0	0.571806167401
33750.0	0.570925110132
34040.0	0.570044052863
34430.0	0.569162995595
34690.0	0.568281938326
34720.0	0.567400881057
34800.0	0.566519823789
34990.0	0.56563876652
35790.0	0.564757709251
35840.0	0.563876651982
35890.0	0.562995594714
36050.0	0.562114537445
36920.0	0.561233480176
37510.0	0.560352422907
37670.0	0.559471365639
38080.0	0.55859030837
38210.0	0.557709251101
38250.0	0.556828193833
38330.0	0.555947136564
38400.0	0.555066079295
38630.0	0.554185022026
38960.0	0.553303964758
39080.0	0.552422907489
39130.0	0.55154185022
39210.0	0.550660792952
39520.0	0.549779735683
40100.0	0.548898678414
40110.0	0.548017621145
40160.0	0.547136563877
40410.0	0.546255506608
40790.0	0.545374449339
41040.0	0.54449339207
41250.0	0.543612334802
41360.0	0.542731277533
42370.0	0.541850220264
42970.0	0.540969162996
43140.0	0.540088105727
44450.0	0.539207048458
44470.0	0.538325991189
44500.0	0.537444933921
44720.0	0.536563876652
45000.0	0.535682819383
45690.0	0.534801762115
45730.0	0.533920704846
45800.0	0.533039647577
46140.0	0.532158590308
46710.0	0.53127753304
46920.0	0.530396475771
48650.0	0.529515418502
48750.0	0.528634361233
49920.0	0.527753303965
50000.0	0.525991189427
50090.0	0.523348017621
50550.0	0.522466960352
50580.0	0.521585903084
50680.0	0.520704845815
51910.0	0.519823788546
51940.0	0.518942731278
51960.0	0.518061674009
51970.0	0.51718061674
52180.0	0.516299559471
52280.0	0.515418502203
52500.0	0.514537444934
52970.0	0.513656387665
53510.0	0.512775330396
53770.0	0.511894273128
54450.0	0.511013215859
54480.0	0.51013215859
55000.0	0.509251101322
55500.0	0.508370044053
55710.0	0.506607929515
56560.0	0.505726872247
56710.0	0.503964757709
56980.0	0.503083700441
57410.0	0.502202643172
57570.0	0.501321585903
57700.0	0.500440528634
57900.0	0.499559471366
58910.0	0.498678414097
59320.0	0.497797356828
60020.0	0.496916299559
60040.0	0.496035242291
60800.0	0.495154185022
60950.0	0.494273127753
60970.0	0.493392070485
61470.0	0.492511013216
61760.0	0.491629955947
62700.0	0.490748898678
62740.0	0.48986784141
62890.0	0.488986784141
62940.0	0.488105726872
63950.0	0.486343612335
64840.0	0.485462555066
65290.0	0.484581497797
65640.0	0.483700440529
65670.0	0.48281938326
66160.0	0.481938325991
66640.0	0.481057268722
67020.0	0.480176211454
67090.0	0.479295154185
67190.0	0.478414096916
67290.0	0.477533039648
68060.0	0.476651982379
68070.0	0.47577092511
68200.0	0.474889867841
68570.0	0.474008810573
68950.0	0.473127753304
69110.0	0.472246696035
69250.0	0.471365638767
69290.0	0.470484581498
70500.0	0.469603524229
70930.0	0.467841409692
71610.0	0.466960352423
72200.0	0.466079295154
73670.0	0.465198237885
73740.0	0.464317180617
73780.0	0.463436123348
74230.0	0.462555066079
74930.0	0.461674008811
75160.0	0.460792951542
75350.0	0.459911894273
75890.0	0.459030837004
75910.0	0.458149779736
75970.0	0.457268722467
76040.0	0.456387665198
76060.0	0.45550660793
77720.0	0.454625550661
79180.0	0.453744493392
79580.0	0.452863436123
79760.0	0.451982378855
79960.0	0.451101321586
80110.0	0.450220264317
80310.0	0.449339207048
80340.0	0.44845814978
80540.0	0.447577092511
81400.0	0.446696035242
81960.0	0.445814977974
82690.0	0.444933920705
83880.0	0.444052863436
83910.0	0.443171806167
84240.0	0.442290748899
86300.0	0.44140969163
87490.0	0.440528634361
88990.0	0.439647577093
89160.0	0.438766519824
89880.0	0.437885462555
90760.0	0.437004405286
91110.0	0.436123348018
91950.0	0.435242290749
92020.0	0.43436123348
92200.0	0.433480176211
92290.0	0.432599118943
92540.0	0.431718061674
92990.0	0.430837004405
93140.0	0.429955947137
93740.0	0.429074889868
94240.0	0.428193832599
94940.0	0.42731277533
95020.0	0.426431718062
96500.0	0.425550660793
99000.0	0.424669603524
99060.0	0.423788546256
100670.0	0.422907488987
100820.0	0.422026431718
101490.0	0.421145374449
102050.0	0.420264317181
102080.0	0.419383259912
102230.0	0.418502202643
102290.0	0.417621145374
103370.0	0.416740088106
104950.0	0.415859030837
105550.0	0.414977973568
107250.0	0.4140969163
107470.0	0.413215859031
107680.0	0.412334801762
107800.0	0.411453744493
108100.0	0.410572687225
108370.0	0.409691629956
110250.0	0.408810572687
114130.0	0.407929515419
114360.0	0.40704845815
115070.0	0.406167400881
115110.0	0.405286343612
119360.0	0.404405286344
119420.0	0.403524229075
119990.0	0.402643171806
120000.0	0.401762114537
120330.0	0.400881057269
121910.0	0.4
122320.0	0.399118942731
122450.0	0.398237885463
122630.0	0.397356828194
123590.0	0.396475770925
125000.0	0.395594713656
125740.0	0.394713656388
127830.0	0.393832599119
128040.0	0.39295154185
128260.0	0.392070484581
129780.0	0.391189427313
131170.0	0.390308370044
131590.0	0.389427312775
131600.0	0.388546255507
132430.0	0.387665198238
132680.0	0.386784140969
132930.0	0.3859030837
133160.0	0.385022026432
133570.0	0.384140969163
133660.0	0.383259911894
136220.0	0.382378854626
137130.0	0.381497797357
137520.0	0.380616740088
138670.0	0.379735682819
139040.0	0.378854625551
140030.0	0.377973568282
140160.0	0.377092511013
140500.0	0.376211453744
140650.0	0.375330396476
140850.0	0.374449339207
141740.0	0.373568281938
144970.0	0.37268722467
145450.0	0.371806167401
146630.0	0.370925110132
147310.0	0.370044052863
148070.0	0.369162995595
148600.0	0.368281938326
152530.0	0.367400881057
155170.0	0.366519823789
155420.0	0.36563876652
156390.0	0.364757709251
156450.0	0.363876651982
156530.0	0.362995594714
156800.0	0.362114537445
157660.0	0.361233480176
157850.0	0.360352422907
158420.0	0.359471365639
159260.0	0.35859030837
160150.0	0.357709251101
160260.0	0.356828193833
162730.0	0.355947136564
163630.0	0.355066079295
165340.0	0.354185022026
166480.0	0.353303964758
170150.0	0.352422907489
172230.0	0.35154185022
174420.0	0.350660792952
174480.0	0.349779735683
174490.0	0.348898678414
175330.0	0.348017621145
175350.0	0.347136563877
175500.0	0.346255506608
175530.0	0.345374449339
177460.0	0.34449339207
178020.0	0.343612334802
178310.0	0.342731277533
178990.0	0.341850220264
183950.0	0.340969162996
186580.0	0.340088105727
187490.0	0.339207048458
187950.0	0.338325991189
188390.0	0.337444933921
193000.0	0.336563876652
193140.0	0.335682819383
193770.0	0.334801762115
195200.0	0.333920704846
195630.0	0.333039647577
197290.0	0.332158590308
198280.0	0.33127753304
200080.0	0.330396475771
200130.0	0.329515418502
205000.0	0.328634361233
206480.0	0.327753303965
207580.0	0.326872246696
207760.0	0.325991189427
208530.0	0.325110132159
208580.0	0.32422907489
209270.0	0.323348017621
209290.0	0.322466960352
210430.0	0.321585903084
211300.0	0.320704845815
212670.0	0.319823788546
214500.0	0.318942731278
215280.0	0.318061674009
215630.0	0.31718061674
215650.0	0.316299559471
216260.0	0.315418502203
216860.0	0.314537444934
217570.0	0.313656387665
220780.0	0.312775330396
221210.0	0.311894273128
225620.0	0.311013215859
226180.0	0.31013215859
227100.0	0.309251101322
227520.0	0.308370044053
230460.0	0.307488986784
230660.0	0.306607929515
233000.0	0.305726872247
233070.0	0.304845814978
234620.0	0.303964757709
238250.0	0.303083700441
239060.0	0.302202643172
242490.0	0.301321585903
245360.0	0.300440528634
246130.0	0.299559471366
250000.0	0.298678414097
250730.0	0.297797356828
254410.0	0.296916299559
254960.0	0.296035242291
255610.0	0.295154185022
259080.0	0.294273127753
261650.0	0.293392070485
263460.0	0.292511013216
273150.0	0.291629955947
275320.0	0.290748898678
277410.0	0.28986784141
278120.0	0.288986784141
278800.0	0.288105726872
279620.0	0.287224669604
280610.0	0.286343612335
283140.0	0.285462555066
285360.0	0.284581497797
285740.0	0.283700440529
287100.0	0.28281938326
289400.0	0.281938325991
291940.0	0.281057268722
294280.0	0.280176211454
294420.0	0.279295154185
295020.0	0.278414096916
295570.0	0.277533039648
298760.0	0.276651982379
298930.0	0.27577092511
299670.0	0.274889867841
299910.0	0.274008810573
300000.0	0.273127753304
300050.0	0.272246696035
305620.0	0.271365638767
306710.0	0.270484581498
308410.0	0.269603524229
310180.0	0.26872246696
312630.0	0.267841409692
313380.0	0.266960352423
313480.0	0.266079295154
315270.0	0.265198237885
317050.0	0.264317180617
318880.0	0.263436123348
321580.0	0.262555066079
321650.0	0.261674008811
325970.0	0.260792951542
326140.0	0.259911894273
327770.0	0.259030837004
329640.0	0.258149779736
332380.0	0.257268722467
334910.0	0.256387665198
335610.0	0.25550660793
338940.0	0.254625550661
340890.0	0.253744493392
340930.0	0.252863436123
342490.0	0.251982378855
342500.0	0.251101321586
343320.0	0.250220264317
347890.0	0.249339207048
348400.0	0.24845814978
349190.0	0.247577092511
352610.0	0.246696035242
352810.0	0.245814977974
356830.0	0.244933920705
364310.0	0.244052863436
364670.0	0.243171806167
364990.0	0.242290748899
373190.0	0.24140969163
373220.0	0.240528634361
376250.0	0.239647577093
377610.0	0.238766519824
381320.0	0.237885462555
393070.0	0.237004405286
394290.0	0.236123348018
397950.0	0.235242290749
401240.0	0.23436123348
405890.0	0.233480176211
409940.0	0.232599118943
410590.0	0.231718061674
411770.0	0.230837004405
412020.0	0.229955947137
412420.0	0.229074889868
416360.0	0.228193832599
418480.0	0.22731277533
418500.0	0.226431718062
421150.0	0.225550660793
422870.0	0.224669603524
423810.0	0.223788546256
424710.0	0.222907488987
427410.0	0.222026431718
439930.0	0.221145374449
441790.0	0.220264317181
442380.0	0.219383259912
445580.0	0.218502202643
449650.0	0.217621145374
451030.0	0.216740088106
453790.0	0.215859030837
459800.0	0.214977973568
462970.0	0.2140969163
463080.0	0.213215859031
464370.0	0.212334801762
465480.0	0.211453744493
465760.0	0.210572687225
469100.0	0.209691629956
477220.0	0.208810572687
480900.0	0.207929515419
498510.0	0.20704845815
500160.0	0.206167400881
506870.0	0.205286343612
509190.0	0.204405286344
511960.0	0.203524229075
516190.0	0.202643171806
518720.0	0.201762114537
531640.0	0.200881057269
552110.0	0.2
553030.0	0.199118942731
555090.0	0.198237885463
561280.0	0.197356828194
561910.0	0.196475770925
569100.0	0.195594713656
571740.0	0.194713656388
606780.0	0.193832599119
608490.0	0.19295154185
621930.0	0.192070484581
630940.0	0.191189427313
632160.0	0.190308370044
639680.0	0.189427312775
643570.0	0.188546255507
650700.0	0.187665198238
652080.0	0.186784140969
658770.0	0.1859030837
663740.0	0.185022026432
664410.0	0.184140969163
667410.0	0.183259911894
670420.0	0.182378854626
670820.0	0.181497797357
687160.0	0.180616740088
688090.0	0.179735682819
692970.0	0.178854625551
706950.0	0.177973568282
716240.0	0.177092511013
717410.0	0.176211453744
718520.0	0.175330396476
721580.0	0.174449339207
739320.0	0.173568281938
740300.0	0.17268722467
745760.0	0.171806167401
772330.0	0.170925110132
773560.0	0.170044052863
779090.0	0.169162995595
782330.0	0.168281938326
783250.0	0.167400881057
792730.0	0.166519823789
806590.0	0.16563876652
810180.0	0.164757709251
811710.0	0.163876651982
813060.0	0.162995594714
814970.0	0.162114537445
816730.0	0.161233480176
824400.0	0.160352422907
826640.0	0.159471365639
835260.0	0.15859030837
835270.0	0.157709251101
835390.0	0.156828193833
836690.0	0.155947136564
843310.0	0.155066079295
853760.0	0.154185022026
855260.0	0.153303964758
878550.0	0.152422907489
880490.0	0.15154185022
880910.0	0.150660792952
892820.0	0.149779735683
895730.0	0.148898678414
895860.0	0.148017621145
901340.0	0.147136563877
916680.0	0.146255506608
924280.0	0.145374449339
928380.0	0.14449339207
932490.0	0.143612334802
939070.0	0.142731277533
956510.0	0.141850220264
970990.0	0.140969162996
976830.0	0.140088105727
977540.0	0.139207048458
978710.0	0.138325991189
987810.0	0.137444933921
990880.0	0.136563876652
991780.0	0.135682819383
1008490.0	0.134801762115
1019750.0	0.133920704846
1038570.0	0.133039647577
1043320.0	0.132158590308
1063040.0	0.13127753304
1081930.0	0.130396475771
1101430.0	0.129515418502
1105180.0	0.128634361233
1114150.0	0.127753303965
1135500.0	0.126872246696
1147330.0	0.125991189427
1151270.0	0.125110132159
1154880.0	0.12422907489
1198430.0	0.123348017621
1205990.0	0.122466960352
1210000.0	0.121585903084
1237530.0	0.120704845815
1248940.0	0.119823788546
1251160.0	0.118942731278
1258610.0	0.118061674009
1259110.0	0.11718061674
1275630.0	0.116299559471
1287190.0	0.115418502203
1289740.0	0.114537444934
1296030.0	0.113656387665
1299110.0	0.112775330396
1352270.0	0.111894273128
1389640.0	0.111013215859
1394210.0	0.11013215859
1397430.0	0.109251101322
1442700.0	0.108370044053
1457490.0	0.107488986784
1472040.0	0.106607929515
1484710.0	0.105726872247
1508080.0	0.104845814978
1524980.0	0.103964757709
1534630.0	0.103083700441
1536070.0	0.102202643172
1567100.0	0.101321585903
1579710.0	0.100440528634
1581080.0	0.0995594713656
1583400.0	0.0986784140969
1625220.0	0.0977973568282
1631160.0	0.0969162995595
1640400.0	0.0960352422907
1671940.0	0.095154185022
1672240.0	0.0942731277533
1675040.0	0.0933920704846
1699880.0	0.0925110132159
1702950.0	0.0916299559471
1748270.0	0.0907488986784
1753800.0	0.0898678414097
1826450.0	0.088986784141
1829730.0	0.0881057268722
1872870.0	0.0872246696035
1897510.0	0.0863436123348
1934800.0	0.0854625550661
1963220.0	0.0845814977974
1969690.0	0.0837004405286
2040800.0	0.0828193832599
2047310.0	0.0819383259912
2051330.0	0.0810572687225
2092280.0	0.0801762114537
2159700.0	0.079295154185
2180850.0	0.0784140969163
2184220.0	0.0775330396476
2268390.0	0.0766519823789
2304620.0	0.0757709251101
2324130.0	0.0748898678414
2329370.0	0.0740088105727
2357660.0	0.073127753304
2362470.0	0.0722466960352
2430410.0	0.0713656387665
2545180.0	0.0704845814978
2682260.0	0.0696035242291
2698370.0	0.0687224669604
2743070.0	0.0678414096916
2757590.0	0.0669603524229
2774960.0	0.0660792951542
2778950.0	0.0651982378855
2785320.0	0.0643171806167
2907640.0	0.063436123348
2974940.0	0.0625550660793
3009580.0	0.0616740088106
3022010.0	0.0607929515419
3022890.0	0.0599118942731
3294450.0	0.0590308370044
3296950.0	0.0581497797357
3300860.0	0.057268722467
3336560.0	0.0563876651982
3444370.0	0.0555066079295
3474740.0	0.0546255506608
3553780.0	0.0537444933921
3611930.0	0.0528634361233
3668020.0	0.0519823788546
3752110.0	0.0511013215859
3760060.0	0.0502202643172
3767390.0	0.0493392070485
3829400.0	0.0484581497797
3855870.0	0.047577092511
3937330.0	0.0466960352423
4103670.0	0.0458149779736
4116580.0	0.0449339207048
4145000.0	0.0440528634361
4277620.0	0.0431718061674
4296360.0	0.0422907488987
4394190.0	0.04140969163
4476640.0	0.0405286343612
4533640.0	0.0396475770925
4616640.0	0.0387665198238
4788130.0	0.0378854625551
4877310.0	0.0370044052863
5459460.0	0.0361233480176
5535680.0	0.0352422907489
5548910.0	0.0343612334802
5967670.0	0.0334801762115
5996100.0	0.0325991189427
6057140.0	0.031718061674
6122990.0	0.0308370044053
6161330.0	0.0299559471366
6179360.0	0.0290748898678
6342030.0	0.0281938325991
6366730.0	0.0273127753304
6957000.0	0.0264317180617
7007810.0	0.025550660793
7126590.0	0.0246696035242
7234640.0	0.0237885462555
7384210.0	0.0229074889868
7462280.0	0.0220264317181
7774130.0	0.0211453744493
7979450.0	0.0202643171806
8727140.0	0.0193832599119
8968680.0	0.0185022026432
9059130.0	0.0176211453744
9169300.0	0.0167400881057
9575980.0	0.015859030837
9621980.0	0.0149779735683
9861150.0	0.0140969162996
9967750.0	0.0132158590308
11495880.0	0.0123348017621
12048460.0	0.0114537444934
12781730.0	0.0105726872247
14724460.0	0.00969162995595
15507100.0	0.00881057268722
15571220.0	0.0079295154185
17543670.0	0.00704845814978
17807930.0	0.00616740088106
20159690.0	0.00528634361233
21545190.0	0.00440528634361
25179720.0	0.00352422907489
25476190.0	0.00264317180617
92206660.0	0.00176211453744
137107980.0	0.000881057268722
