# TotalOfPaymentsDollars   RatioDoctorsTaking>=ThatMuchInTotalPayments
0.0	1.0
1000.0	0.10111032693
2000.0	0.0713098856886
3000.0	0.0584977799019
4000.0	0.0496896308357
5000.0	0.043365546522
6000.0	0.0386419334582
7000.0	0.0347796851295
8000.0	0.0318593808177
9000.0	0.0294253307918
10000.0	0.0271774466926
11000.0	0.0252185365691
12000.0	0.0233985562416
13000.0	0.0219675793428
14000.0	0.0206338533012
15000.0	0.0194890717822
16000.0	0.0183220614959
17000.0	0.0175162686791
18000.0	0.0166493467521
19000.0	0.0158713398945
20000.0	0.0151933624901
21000.0	0.0145264994693
22000.0	0.0139541087098
23000.0	0.0134067253136
24000.0	0.0129093566439
25000.0	0.0124147665702
26000.0	0.0118118112555
27000.0	0.0114061362512
28000.0	0.0110504759735
29000.0	0.0106698083325
30000.0	0.0103197052465
31000.0	0.0098945800708
32000.0	0.00958615592369
33000.0	0.00928884616026
34000.0	0.00903043673971
35000.0	0.0087220125926
36000.0	0.00843581721285
37000.0	0.00824131549845
38000.0	0.00801902782486
39000.0	0.00783841909007
40000.0	0.00759390264911
41000.0	0.00737717216736
42000.0	0.00717711326113
43000.0	0.00699928312225
44000.0	0.00683256736706
45000.0	0.00663806565266
46000.0	0.00648802147299
47000.0	0.00637409904027
48000.0	0.00624350503204
49000.0	0.00610179664012
50000.0	0.00592118790533
51000.0	0.00561554235414
52000.0	0.00546549817446
53000.0	0.00531267539887
54000.0	0.00519041717839
55000.0	0.00507649474568
56000.0	0.00496535090888
57000.0	0.00487643583944
58000.0	0.00478196357816
59000.0	0.00468749131689
60000.0	0.00459024045969
61000.0	0.00448187521881
62000.0	0.00443463908818
63000.0	0.00437073138202
64000.0	0.00432349525138
65000.0	0.00423458018194
66000.0	0.00419012264722
67000.0	0.00413177213291
68000.0	0.00402896408387
69000.0	0.00395672058995
70000.0	0.00389559147971
71000.0	0.00381223360212
72000.0	0.00377889045108
73000.0	0.00374276870412
74000.0	0.0036983111694
75000.0	0.00364829644284
76000.0	0.00351492383869
77000.0	0.00345379472845
78000.0	0.00340655859781
79000.0	0.00336487965901
80000.0	0.00331208633653
81000.0	0.00325651441813
82000.0	0.0032231712671
83000.0	0.00318982811606
84000.0	0.00314814917726
85000.0	0.00312314181398
86000.0	0.00309535585478
87000.0	0.00305367691598
88000.0	0.00301755516902
89000.0	0.00300366218942
90000.0	0.00297031903838
91000.0	0.00292586150366
92000.0	0.00290363273631
93000.0	0.00287028958527
94000.0	0.00282305345463
95000.0	0.00278693170767
96000.0	0.00275636715255
97000.0	0.00270357383007
98000.0	0.00267023067903
99000.0	0.00264522331575
100000.0	0.00260632297288
101000.0	0.00248128615648
102000.0	0.00243682862176
103000.0	0.0024145998544
104000.0	0.0023868138952
105000.0	0.00235069214824
106000.0	0.00232290618904
107000.0	0.00229512022985
108000.0	0.00227289146249
109000.0	0.00226177707881
110000.0	0.00223399111961
111000.0	0.00220898375633
112000.0	0.00218397639305
113000.0	0.00217286200937
114000.0	0.00214229745425
115000.0	0.00212284728281
116000.0	0.00209228272769
117000.0	0.00206449676849
118000.0	0.00204782519297
119000.0	0.00203671080929
120000.0	0.00201448204193
121000.0	0.00198669608274
122000.0	0.00197558169906
123000.0	0.00195613152762
124000.0	0.0019394599521
125000.0	0.00191445258882
126000.0	0.00188110943778
127000.0	0.0018699950541
128000.0	0.00186443786226
129000.0	0.0018422090949
130000.0	0.0018283161153
131000.0	0.0018144231357
132000.0	0.00179497296426
133000.0	0.00178385858058
134000.0	0.00176996560098
135000.0	0.00176162981322
136000.0	0.00175607262138
137000.0	0.00174773683362
138000.0	0.00173384385402
139000.0	0.00171439368258
140000.0	0.00169216491523
141000.0	0.00167271474379
142000.0	0.00166437895603
143000.0	0.00165882176419
144000.0	0.00164215018867
145000.0	0.00162825720907
146000.0	0.00160880703763
147000.0	0.00159769265395
148000.0	0.00157824248251
149000.0	0.00156712809883
150000.0	0.00156157090699
151000.0	0.00151711337227
152000.0	0.00150877758451
153000.0	0.00149766320083
154000.0	0.00149210600899
155000.0	0.00147821302939
156000.0	0.00145876285795
157000.0	0.00145042707019
158000.0	0.00144209128243
159000.0	0.00141986251507
160000.0	0.00140874813139
161000.0	0.00140319093955
162000.0	0.00139485515179
163000.0	0.00138651936403
164000.0	0.0013670691926
165000.0	0.001353176213
166000.0	0.00134484042524
167000.0	0.0013392832334
168000.0	0.00133372604156
169000.0	0.00133094744564
170000.0	0.00132816884972
173000.0	0.00131427587012
174000.0	0.00130871867828
175000.0	0.00130038289052
176000.0	0.00129204710276
177000.0	0.001283711315
178000.0	0.00127815412316
179000.0	0.00127259693132
180000.0	0.0012698183354
181000.0	0.0012559253558
182000.0	0.00125314675988
183000.0	0.00124758956804
185000.0	0.00123925378028
186000.0	0.00123369658844
187000.0	0.00123091799252
188000.0	0.00122258220476
189000.0	0.00121980360884
190000.0	0.00121146782108
191000.0	0.0012003534374
193000.0	0.00119201764964
194000.0	0.00118090326596
195000.0	0.00117534607412
196000.0	0.0011725674782
198000.0	0.00116145309452
199000.0	0.00115589590268
200000.0	0.00114200292308
201000.0	0.00110865977204
202000.0	0.00109476679244
203000.0	0.00108365240876
204000.0	0.00107809521692
206000.0	0.00107531662101
207000.0	0.00106698083325
208000.0	0.00106420223733
209000.0	0.00106142364141
210000.0	0.00105586644957
212000.0	0.00104753066181
213000.0	0.00103085908629
214000.0	0.00102252329853
215000.0	0.00101696610669
216000.0	0.00101418751077
217000.0	0.00100863031893
218000.0	0.00100307312709
219000.0	0.00100029453117
220000.0	0.000989180147488
221000.0	0.000980844359728
222000.0	0.000978065763808
223000.0	0.000975287167888
225000.0	0.000969729976049
226000.0	0.000958615592369
227000.0	0.000953058400529
228000.0	0.000941944016849
229000.0	0.00093082963317
230000.0	0.00092527244133
231000.0	0.00091693665357
232000.0	0.00091415805765
233000.0	0.00091137946173
234000.0	0.000903043673971
235000.0	0.000900265078051
237000.0	0.000897486482131
238000.0	0.000891929290291
240000.0	0.000889150694371
241000.0	0.000886372098451
243000.0	0.000880814906611
245000.0	0.000878036310691
246000.0	0.000872479118852
247000.0	0.000864143331092
248000.0	0.000858586139252
249000.0	0.000853028947412
250000.0	0.000847471755572
251000.0	0.000816907200453
252000.0	0.000808571412694
253000.0	0.000803014220854
254000.0	0.000794678433094
255000.0	0.000789121241254
257000.0	0.000783564049415
258000.0	0.000772449665735
259000.0	0.000766892473895
260000.0	0.000764113877975
262000.0	0.000758556686135
263000.0	0.000752999494296
264000.0	0.000750220898376
265000.0	0.000747442302456
267000.0	0.000741885110616
268000.0	0.000733549322856
270000.0	0.000730770726936
271000.0	0.000727992131016
273000.0	0.000725213535096
274000.0	0.000719656343257
275000.0	0.000716877747337
284000.0	0.000711320555497
285000.0	0.000702984767737
286000.0	0.000694648979977
289000.0	0.000686313192218
290000.0	0.000683534596298
291000.0	0.000680756000378
292000.0	0.000677977404458
295000.0	0.000675198808538
296000.0	0.000672420212618
297000.0	0.000666863020778
300000.0	0.000661305828939
301000.0	0.000639077061579
302000.0	0.000636298465659
303000.0	0.00063074127382
304000.0	0.00062518408198
305000.0	0.00062240548606
306000.0	0.00061962689014
307000.0	0.00061684829422
308000.0	0.0006140696983
309000.0	0.00061129110238
312000.0	0.00060851250646
313000.0	0.00060573391054
314000.0	0.00060295531462
317000.0	0.000600176718701
319000.0	0.000597398122781
323000.0	0.000594619526861
327000.0	0.000589062335021
329000.0	0.000583505143181
330000.0	0.000575169355421
332000.0	0.000572390759501
333000.0	0.000569612163581
334000.0	0.000564054971742
336000.0	0.000558497779902
337000.0	0.000555719183982
339000.0	0.000552940588062
340000.0	0.000550161992142
342000.0	0.000547383396222
343000.0	0.000544604800302
348000.0	0.000541826204382
349000.0	0.000539047608462
350000.0	0.000533490416623
351000.0	0.000527933224783
355000.0	0.000525154628863
356000.0	0.000522376032943
358000.0	0.000519597437023
360000.0	0.000516818841103
361000.0	0.000514040245183
362000.0	0.000511261649263
363000.0	0.000505704457424
368000.0	0.000502925861504
369000.0	0.000500147265584
373000.0	0.000497368669664
374000.0	0.000494590073744
378000.0	0.000491811477824
379000.0	0.000483475690064
381000.0	0.000477918498224
383000.0	0.000475139902305
384000.0	0.000472361306385
388000.0	0.000466804114545
391000.0	0.000464025518625
396000.0	0.000461246922705
397000.0	0.000458468326785
398000.0	0.000455689730865
399000.0	0.000452911134945
400000.0	0.000447353943105
403000.0	0.000444575347186
405000.0	0.000441796751266
408000.0	0.000439018155346
409000.0	0.000436239559426
417000.0	0.000433460963506
420000.0	0.000430682367586
424000.0	0.000427903771666
425000.0	0.000425125175746
433000.0	0.000422346579826
436000.0	0.000416789387986
438000.0	0.000414010792067
441000.0	0.000411232196147
444000.0	0.000408453600227
447000.0	0.000405675004307
448000.0	0.000402896408387
449000.0	0.000400117812467
451000.0	0.000397339216547
456000.0	0.000394560620627
465000.0	0.000391782024707
468000.0	0.000389003428787
474000.0	0.000386224832867
483000.0	0.000383446236948
487000.0	0.000377889045108
493000.0	0.000375110449188
499000.0	0.000372331853268
500000.0	0.000369553257348
508000.0	0.000358438873668
509000.0	0.000355660277748
510000.0	0.000352881681829
511000.0	0.000350103085909
515000.0	0.000347324489989
516000.0	0.000344545894069
523000.0	0.000338988702229
528000.0	0.000336210106309
534000.0	0.000333431510389
536000.0	0.000330652914469
552000.0	0.000325095722629
553000.0	0.00032231712671
555000.0	0.00031953853079
556000.0	0.00031675993487
559000.0	0.00031398133895
561000.0	0.00031120274303
570000.0	0.00030842414711
571000.0	0.00030564555119
575000.0	0.00030286695527
578000.0	0.00030008835935
580000.0	0.00029730976343
581000.0	0.00029453116751
582000.0	0.000291752571591
584000.0	0.000288973975671
586000.0	0.000286195379751
593000.0	0.000283416783831
597000.0	0.000280638187911
603000.0	0.000277859591991
604000.0	0.000275080996071
605000.0	0.000272302400151
610000.0	0.000269523804231
613000.0	0.000266745208311
623000.0	0.000263966612391
628000.0	0.000261188016472
631000.0	0.000255630824632
633000.0	0.000252852228712
634000.0	0.000250073632792
637000.0	0.000247295036872
641000.0	0.000241737845032
643000.0	0.000238959249112
670000.0	0.000236180653192
687000.0	0.000233402057272
704000.0	0.000230623461353
721000.0	0.000227844865433
725000.0	0.000225066269513
738000.0	0.000222287673593
749000.0	0.000219509077673
750000.0	0.000216730481753
755000.0	0.000213951885833
758000.0	0.000211173289913
764000.0	0.000208394693993
770000.0	0.000205616098073
772000.0	0.000202837502153
794000.0	0.000200058906234
800000.0	0.000197280310314
801000.0	0.000194501714394
806000.0	0.000191723118474
822000.0	0.000188944522554
843000.0	0.000186165926634
851000.0	0.000183387330714
869000.0	0.000180608734794
871000.0	0.000177830138874
891000.0	0.000175051542954
911000.0	0.000172272947034
916000.0	0.000169494351114
941000.0	0.000166715755195
955000.0	0.000163937159275
984000.0	0.000161158563355
1000000.0	0.000158379967435
1012000.0	0.000155601371515
1017000.0	0.000152822775595
1021000.0	0.000150044179675
1097000.0	0.000147265583755
1105000.0	0.000144486987835
1115000.0	0.000141708391915
1116000.0	0.000138929795995
1139000.0	0.000136151200076
1150000.0	0.000133372604156
1185000.0	0.000122258220476
1199000.0	0.000119479624556
1224000.0	0.000116701028636
1231000.0	0.000113922432716
1252000.0	0.000111143836796
1303000.0	0.000108365240876
1322000.0	0.000105586644957
1342000.0	0.000102808049037
1372000.0	0.000100029453117
1388000.0	9.72508571968e-05
1400000.0	9.44722612769e-05
1489000.0	9.1693665357e-05
1570000.0	8.89150694371e-05
1571000.0	8.61364735172e-05
1699000.0	8.33578775973e-05
1715000.0	8.05792816774e-05
1750000.0	7.78006857575e-05
1752000.0	7.50220898376e-05
1764000.0	7.22434939177e-05
1842000.0	6.94648979977e-05
2000000.0	6.66863020778e-05
2268000.0	6.39077061579e-05
2304000.0	6.1129110238e-05
2316000.0	5.83505143181e-05
2338000.0	5.55719183982e-05
2413000.0	5.27933224783e-05
2548000.0	5.00147265584e-05
2557000.0	4.72361306385e-05
2677000.0	4.44575347186e-05
2730000.0	4.16789387986e-05
2886000.0	3.89003428787e-05
3317000.0	3.61217469588e-05
3335000.0	3.33431510389e-05
3849000.0	3.0564555119e-05
3932000.0	2.77859591991e-05
3994000.0	2.50073632792e-05
4178000.0	2.22287673593e-05
4407000.0	1.94501714394e-05
7356000.0	1.66715755195e-05
11643000.0	1.38929795995e-05
19696000.0	1.11143836796e-05
43581000.0	8.33578775973e-06
44154000.0	5.55719183982e-06
225324000.0	2.77859591991e-06
